INCON
A___0           2.00000000E-01 1.10000000E-17 1.10000000E-17 1.10000000E-17
 1.3947975000000E+06 2.9984250000000E+01
A___1           2.00000000E-01 1.10000000E-17 1.10000000E-17 1.10000000E-17
 1.3947975000000E+06 2.9984250000000E+01
A___2           2.00000000E-01 1.10000000E-17 1.10000000E-17 1.10000000E-17
 1.3947975000000E+06 2.9984250000000E+01
A___3           2.00000000E-01 1.10000000E-17 1.10000000E-17 1.10000000E-17
 1.3947975000000E+06 2.9984250000000E+01
A___4           2.00000000E-01 1.10000000E-17 1.10000000E-17 1.10000000E-17
 1.3947975000000E+06 2.9984250000000E+01
A___5           2.00000000E-01 1.10000000E-17 1.10000000E-17 1.10000000E-17
 1.3947975000000E+06 2.9984250000000E+01
A___6           2.00000000E-01 1.10000000E-17 1.10000000E-17 1.10000000E-17
 1.3947975000000E+06 2.9984250000000E+01
A___7           2.00000000E-01 1.10000000E-17 1.10000000E-17 1.10000000E-17
 1.3947975000000E+06 2.9984250000000E+01
A___8           2.00000000E-01 1.10000000E-17 1.10000000E-17 1.10000000E-17
 1.3947975000000E+06 2.9984250000000E+01
A___9           2.00000000E-01 1.10000000E-13 1.10000000E-13 1.10000000E-15
 1.3445725000000E+06 2.9966750000000E+01
A__10           2.00000000E-01 1.10000000E-13 1.10000000E-13 1.10000000E-15
 1.3445725000000E+06 2.9966750000000E+01
A__11           2.00000000E-01 1.10000000E-13 1.10000000E-13 1.10000000E-15
 1.3445725000000E+06 2.9966750000000E+01
A__12           2.00000000E-01 1.10000000E-13 1.10000000E-13 1.10000000E-15
 1.3445725000000E+06 2.9966750000000E+01
A__13           2.00000000E-01 1.10000000E-13 1.10000000E-13 1.10000000E-15
 1.3445725000000E+06 2.9966750000000E+01
A__14           2.00000000E-01 1.10000000E-13 1.10000000E-13 1.10000000E-15
 1.3445725000000E+06 2.9966750000000E+01
A__15           2.00000000E-01 1.10000000E-13 1.10000000E-13 1.10000000E-15
 1.3445725000000E+06 2.9966750000000E+01
A__16           2.00000000E-01 1.10000000E-13 1.10000000E-13 1.10000000E-15
 1.3445725000000E+06 2.9966750000000E+01
A__17           2.00000000E-01 1.10000000E-13 1.10000000E-13 1.10000000E-15
 1.3445725000000E+06 2.9966750000000E+01
A__18           1.00000000E-01 1.10000000E-12 1.10000000E-12 1.10000000E-12
 1.1888750000000E+06 2.9912500000000E+01
A__19           1.00000000E-01 1.10000000E-12 1.10000000E-12 1.10000000E-12
 1.1888750000000E+06 2.9912500000000E+01
A__20           1.00000000E-01 1.10000000E-12 1.10000000E-12 1.10000000E-12
 1.1888750000000E+06 2.9912500000000E+01
A__21           1.00000000E-01 1.10000000E-12 1.10000000E-12 1.10000000E-12
 1.1888750000000E+06 2.9912500000000E+01
A__22           1.00000000E-01 1.10000000E-12 1.10000000E-12 1.10000000E-12
 1.1888750000000E+06 2.9912500000000E+01
A__23           1.00000000E-01 1.10000000E-12 1.10000000E-12 1.10000000E-12
 1.1888750000000E+06 2.9912500000000E+01
A__24           1.00000000E-01 1.10000000E-12 1.10000000E-12 1.10000000E-12
 1.1888750000000E+06 2.9912500000000E+01
A__25           1.00000000E-01 1.10000000E-12 1.10000000E-12 1.10000000E-12
 1.1888750000000E+06 2.9912500000000E+01
A__26           1.00000000E-01 1.10000000E-12 1.10000000E-12 1.10000000E-12
 1.1888750000000E+06 2.9912500000000E+01
A__27           1.00000000E-01 1.10000000E-12 1.10000000E-12 1.10000000E-12
 9.8797500000000E+05 2.9842500000000E+01
A__28           1.00000000E-01 1.10000000E-12 1.10000000E-12 1.10000000E-12
 9.8797500000000E+05 2.9842500000000E+01
A__29           1.00000000E-01 1.10000000E-12 1.10000000E-12 1.10000000E-12
 9.8797500000000E+05 2.9842500000000E+01
A__30           1.00000000E-01 1.10000000E-12 1.10000000E-12 1.10000000E-12
 9.8797500000000E+05 2.9842500000000E+01
A__31           1.00000000E-01 1.10000000E-12 1.10000000E-12 1.10000000E-12
 9.8797500000000E+05 2.9842500000000E+01
A__32           1.00000000E-01 1.10000000E-12 1.10000000E-12 1.10000000E-12
 9.8797500000000E+05 2.9842500000000E+01
A__33           1.00000000E-01 1.10000000E-12 1.10000000E-12 1.10000000E-12
 9.8797500000000E+05 2.9842500000000E+01
A__34           1.00000000E-01 1.10000000E-12 1.10000000E-12 1.10000000E-12
 9.8797500000000E+05 2.9842500000000E+01
A__35           1.00000000E-01 1.10000000E-12 1.10000000E-12 1.10000000E-12
 9.8797500000000E+05 2.9842500000000E+01
A__36           1.00000000E-01 1.10000000E-17 1.10000000E-17 1.10000000E-17
 9.1263750000000E+05 2.9816250000000E+01
A__37           1.00000000E-01 1.10000000E-17 1.10000000E-17 1.10000000E-17
 9.1263750000000E+05 2.9816250000000E+01
A__38           1.00000000E-01 1.10000000E-17 1.10000000E-17 1.10000000E-17
 9.1263750000000E+05 2.9816250000000E+01
A__39           1.00000000E-01 1.10000000E-17 1.10000000E-17 1.10000000E-17
 9.1263750000000E+05 2.9816250000000E+01
A__40           1.00000000E-01 1.10000000E-17 1.10000000E-17 1.10000000E-17
 9.1263750000000E+05 2.9816250000000E+01
A__41           1.00000000E-01 1.10000000E-17 1.10000000E-17 1.10000000E-17
 9.1263750000000E+05 2.9816250000000E+01
A__42           1.00000000E-01 1.10000000E-17 1.10000000E-17 1.10000000E-17
 9.1263750000000E+05 2.9816250000000E+01
A__43           1.00000000E-01 1.10000000E-17 1.10000000E-17 1.10000000E-17
 9.1263750000000E+05 2.9816250000000E+01
A__44           1.00000000E-01 1.10000000E-17 1.10000000E-17 1.10000000E-17
 9.1263750000000E+05 2.9816250000000E+01
B___0           2.00000000E-01 1.10000000E-17 1.10000000E-17 1.10000000E-17
 1.3947975000000E+06 2.9984250000000E+01
B___1           2.00000000E-01 1.10000000E-17 1.10000000E-17 1.10000000E-17
 1.3947975000000E+06 2.9984250000000E+01
B___2           2.00000000E-01 1.10000000E-17 1.10000000E-17 1.10000000E-17
 1.3947975000000E+06 2.9984250000000E+01
B___3           2.00000000E-01 1.10000000E-17 1.10000000E-17 1.10000000E-17
 1.3947975000000E+06 2.9984250000000E+01
B___4           2.00000000E-01 1.10000000E-17 1.10000000E-17 1.10000000E-17
 1.3947975000000E+06 2.9984250000000E+01
B___5           2.00000000E-01 1.10000000E-17 1.10000000E-17 1.10000000E-17
 1.3947975000000E+06 2.9984250000000E+01
B___6           2.00000000E-01 1.10000000E-17 1.10000000E-17 1.10000000E-17
 1.3947975000000E+06 2.9984250000000E+01
B___7           2.00000000E-01 1.10000000E-17 1.10000000E-17 1.10000000E-17
 1.3947975000000E+06 2.9984250000000E+01
B___8           2.00000000E-01 1.10000000E-17 1.10000000E-17 1.10000000E-17
 1.3947975000000E+06 2.9984250000000E+01
B___9           2.00000000E-01 1.10000000E-13 1.10000000E-13 1.10000000E-15
 1.3445725000000E+06 2.9966750000000E+01
B__10           2.00000000E-01 1.10000000E-13 1.10000000E-13 1.10000000E-15
 1.3445725000000E+06 2.9966750000000E+01
B__11           2.00000000E-01 1.10000000E-13 1.10000000E-13 1.10000000E-15
 1.3445725000000E+06 2.9966750000000E+01
B__12           2.00000000E-01 1.10000000E-13 1.10000000E-13 1.10000000E-15
 1.3445725000000E+06 2.9966750000000E+01
B__13           2.00000000E-01 1.10000000E-13 1.10000000E-13 1.10000000E-15
 1.3445725000000E+06 2.9966750000000E+01
B__14           2.00000000E-01 1.10000000E-13 1.10000000E-13 1.10000000E-15
 1.3445725000000E+06 2.9966750000000E+01
B__15           2.00000000E-01 1.10000000E-13 1.10000000E-13 1.10000000E-15
 1.3445725000000E+06 2.9966750000000E+01
B__16           2.42092166-322 2.00000000E-01 2.00000000E-01 6.37344683-322
 1.3445725000000E+06 2.9966750000000E+01
B__17           2.00000000E-01 1.10000000E-13 1.10000000E-13 1.10000000E-15
 1.3445725000000E+06 2.9966750000000E+01
B__18           1.00000000E-01 1.10000000E-12 1.10000000E-12 1.10000000E-12
 1.1888750000000E+06 2.9912500000000E+01
B__19           1.00000000E-01 1.10000000E-12 1.10000000E-12 1.10000000E-12
 1.1888750000000E+06 2.9912500000000E+01
B__20           1.00000000E-01 1.10000000E-12 1.10000000E-12 1.10000000E-12
 1.1888750000000E+06 2.9912500000000E+01
B__21           1.00000000E-01 1.10000000E-12 1.10000000E-12 1.10000000E-12
 1.1888750000000E+06 2.9912500000000E+01
B__22           1.00000000E-01 1.10000000E-12 1.10000000E-12 1.10000000E-12
 1.1888750000000E+06 2.9912500000000E+01
B__23           1.00000000E-01 1.10000000E-12 1.10000000E-12 1.10000000E-12
 1.1888750000000E+06 2.9912500000000E+01
B__24           1.00000000E-01 1.10000000E-12 1.10000000E-12 1.10000000E-12
 1.1888750000000E+06 2.9912500000000E+01
B__25           2.42092166-322 2.00000000E-01 2.00000000E-01 6.37344683-322
 1.1888750000000E+06 2.9912500000000E+01
B__26           1.00000000E-01 1.10000000E-12 1.10000000E-12 1.10000000E-12
 1.1888750000000E+06 2.9912500000000E+01
B__27           1.00000000E-01 1.10000000E-12 1.10000000E-12 1.10000000E-12
 9.8797500000000E+05 2.9842500000000E+01
B__28           1.00000000E-01 1.10000000E-12 1.10000000E-12 1.10000000E-12
 9.8797500000000E+05 2.9842500000000E+01
B__29           1.00000000E-01 1.10000000E-12 1.10000000E-12 1.10000000E-12
 9.8797500000000E+05 2.9842500000000E+01
B__30           1.00000000E-01 1.10000000E-12 1.10000000E-12 1.10000000E-12
 9.8797500000000E+05 2.9842500000000E+01
B__31           1.00000000E-01 1.10000000E-12 1.10000000E-12 1.10000000E-12
 9.8797500000000E+05 2.9842500000000E+01
B__32           1.00000000E-01 1.10000000E-12 1.10000000E-12 1.10000000E-12
 9.8797500000000E+05 2.9842500000000E+01
B__33           1.00000000E-01 1.10000000E-12 1.10000000E-12 1.10000000E-12
 9.8797500000000E+05 2.9842500000000E+01
B__34           2.42092166-322 2.00000000E-01 2.00000000E-01 6.37344683-322
 9.8797500000000E+05 2.9842500000000E+01
B__35           1.00000000E-01 1.10000000E-12 1.10000000E-12 1.10000000E-12
 9.8797500000000E+05 2.9842500000000E+01
B__36           1.00000000E-01 1.10000000E-17 1.10000000E-17 1.10000000E-17
 9.1263750000000E+05 2.9816250000000E+01
B__37           1.00000000E-01 1.10000000E-17 1.10000000E-17 1.10000000E-17
 9.1263750000000E+05 2.9816250000000E+01
B__38           1.00000000E-01 1.10000000E-17 1.10000000E-17 1.10000000E-17
 9.1263750000000E+05 2.9816250000000E+01
B__39           1.00000000E-01 1.10000000E-17 1.10000000E-17 1.10000000E-17
 9.1263750000000E+05 2.9816250000000E+01
B__40           1.00000000E-01 1.10000000E-17 1.10000000E-17 1.10000000E-17
 9.1263750000000E+05 2.9816250000000E+01
B__41           1.00000000E-01 1.10000000E-17 1.10000000E-17 1.10000000E-17
 9.1263750000000E+05 2.9816250000000E+01
B__42           1.00000000E-01 1.10000000E-17 1.10000000E-17 1.10000000E-17
 9.1263750000000E+05 2.9816250000000E+01
B__43           1.00000000E-01 1.10000000E-17 1.10000000E-17 1.10000000E-17
 9.1263750000000E+05 2.9816250000000E+01
B__44           1.00000000E-01 1.10000000E-17 1.10000000E-17 1.10000000E-17
 9.1263750000000E+05 2.9816250000000E+01
C___0           2.00000000E-01 1.10000000E-17 1.10000000E-17 1.10000000E-17
 1.3947975000000E+06 2.9984250000000E+01
C___1           2.00000000E-01 1.10000000E-17 1.10000000E-17 1.10000000E-17
 1.3947975000000E+06 2.9984250000000E+01
C___2           2.00000000E-01 1.10000000E-17 1.10000000E-17 1.10000000E-17
 1.3947975000000E+06 2.9984250000000E+01
C___3           2.00000000E-01 1.10000000E-17 1.10000000E-17 1.10000000E-17
 1.3947975000000E+06 2.9984250000000E+01
C___4           2.00000000E-01 1.10000000E-17 1.10000000E-17 1.10000000E-17
 1.3947975000000E+06 2.9984250000000E+01
C___5           2.00000000E-01 1.10000000E-17 1.10000000E-17 1.10000000E-17
 1.3947975000000E+06 2.9984250000000E+01
C___6           2.00000000E-01 1.10000000E-17 1.10000000E-17 1.10000000E-17
 1.3947975000000E+06 2.9984250000000E+01
C___7           2.00000000E-01 1.10000000E-17 1.10000000E-17 1.10000000E-17
 1.3947975000000E+06 2.9984250000000E+01
C___8           2.00000000E-01 1.10000000E-17 1.10000000E-17 1.10000000E-17
 1.3947975000000E+06 2.9984250000000E+01
C___9           2.00000000E-01 1.10000000E-13 1.10000000E-13 1.10000000E-15
 1.3445725000000E+06 2.9966750000000E+01
C__10           2.00000000E-01 1.10000000E-13 1.10000000E-13 1.10000000E-15
 1.3445725000000E+06 2.9966750000000E+01
C__11           2.00000000E-01 1.10000000E-13 1.10000000E-13 1.10000000E-15
 1.3445725000000E+06 2.9966750000000E+01
C__12           2.00000000E-01 1.10000000E-13 1.10000000E-13 1.10000000E-15
 1.3445725000000E+06 2.9966750000000E+01
C__13           2.00000000E-01 1.10000000E-13 1.10000000E-13 1.10000000E-15
 1.3445725000000E+06 2.9966750000000E+01
C__14           2.00000000E-01 1.10000000E-13 1.10000000E-13 1.10000000E-15
 1.3445725000000E+06 2.9966750000000E+01
C__15           2.00000000E-01 1.10000000E-13 1.10000000E-13 1.10000000E-15
 1.3445725000000E+06 2.9966750000000E+01
C__16           2.42092166-322 2.00000000E-01 2.00000000E-01 6.37344683-322
 1.3445725000000E+06 2.9966750000000E+01
C__17           2.00000000E-01 1.10000000E-13 1.10000000E-13 1.10000000E-15
 1.3445725000000E+06 2.9966750000000E+01
C__18           1.00000000E-01 1.10000000E-12 1.10000000E-12 1.10000000E-12
 1.1888750000000E+06 2.9912500000000E+01
C__19           1.00000000E-01 1.10000000E-12 1.10000000E-12 1.10000000E-12
 1.1888750000000E+06 2.9912500000000E+01
C__20           1.00000000E-01 1.10000000E-12 1.10000000E-12 1.10000000E-12
 1.1888750000000E+06 2.9912500000000E+01
C__21           1.00000000E-01 1.10000000E-12 1.10000000E-12 1.10000000E-12
 1.1888750000000E+06 2.9912500000000E+01
C__22           1.00000000E-01 1.10000000E-12 1.10000000E-12 1.10000000E-12
 1.1888750000000E+06 2.9912500000000E+01
C__23           1.00000000E-01 1.10000000E-12 1.10000000E-12 1.10000000E-12
 1.1888750000000E+06 2.9912500000000E+01
C__24           1.00000000E-01 1.10000000E-12 1.10000000E-12 1.10000000E-12
 1.1888750000000E+06 2.9912500000000E+01
C__25           2.42092166-322 2.00000000E-01 2.00000000E-01 6.37344683-322
 1.1888750000000E+06 2.9912500000000E+01
C__26           1.00000000E-01 1.10000000E-12 1.10000000E-12 1.10000000E-12
 1.1888750000000E+06 2.9912500000000E+01
C__27           1.00000000E-01 1.10000000E-12 1.10000000E-12 1.10000000E-12
 9.8797500000000E+05 2.9842500000000E+01
C__28           1.00000000E-01 1.10000000E-12 1.10000000E-12 1.10000000E-12
 9.8797500000000E+05 2.9842500000000E+01
C__29           1.00000000E-01 1.10000000E-12 1.10000000E-12 1.10000000E-12
 9.8797500000000E+05 2.9842500000000E+01
C__30           1.00000000E-01 1.10000000E-12 1.10000000E-12 1.10000000E-12
 9.8797500000000E+05 2.9842500000000E+01
C__31           1.00000000E-01 1.10000000E-12 1.10000000E-12 1.10000000E-12
 9.8797500000000E+05 2.9842500000000E+01
C__32           1.00000000E-01 1.10000000E-12 1.10000000E-12 1.10000000E-12
 9.8797500000000E+05 2.9842500000000E+01
C__33           1.00000000E-01 1.10000000E-12 1.10000000E-12 1.10000000E-12
 9.8797500000000E+05 2.9842500000000E+01
C__34           2.42092166-322 2.00000000E-01 2.00000000E-01 6.37344683-322
 9.8797500000000E+05 2.9842500000000E+01
C__35           1.00000000E-01 1.10000000E-12 1.10000000E-12 1.10000000E-12
 9.8797500000000E+05 2.9842500000000E+01
C__36           1.00000000E-01 1.10000000E-17 1.10000000E-17 1.10000000E-17
 9.1263750000000E+05 2.9816250000000E+01
C__37           1.00000000E-01 1.10000000E-17 1.10000000E-17 1.10000000E-17
 9.1263750000000E+05 2.9816250000000E+01
C__38           1.00000000E-01 1.10000000E-17 1.10000000E-17 1.10000000E-17
 9.1263750000000E+05 2.9816250000000E+01
C__39           1.00000000E-01 1.10000000E-17 1.10000000E-17 1.10000000E-17
 9.1263750000000E+05 2.9816250000000E+01
C__40           1.00000000E-01 1.10000000E-17 1.10000000E-17 1.10000000E-17
 9.1263750000000E+05 2.9816250000000E+01
C__41           1.00000000E-01 1.10000000E-17 1.10000000E-17 1.10000000E-17
 9.1263750000000E+05 2.9816250000000E+01
C__42           1.00000000E-01 1.10000000E-17 1.10000000E-17 1.10000000E-17
 9.1263750000000E+05 2.9816250000000E+01
C__43           1.00000000E-01 1.10000000E-17 1.10000000E-17 1.10000000E-17
 9.1263750000000E+05 2.9816250000000E+01
C__44           1.00000000E-01 1.10000000E-17 1.10000000E-17 1.10000000E-17
 9.1263750000000E+05 2.9816250000000E+01
D___0           2.00000000E-01 1.10000000E-17 1.10000000E-17 1.10000000E-17
 1.3947975000000E+06 2.9984250000000E+01
D___1           2.00000000E-01 1.10000000E-17 1.10000000E-17 1.10000000E-17
 1.3947975000000E+06 2.9984250000000E+01
D___2           2.00000000E-01 1.10000000E-17 1.10000000E-17 1.10000000E-17
 1.3947975000000E+06 2.9984250000000E+01
D___3           2.00000000E-01 1.10000000E-17 1.10000000E-17 1.10000000E-17
 1.3947975000000E+06 2.9984250000000E+01
D___4           2.00000000E-01 1.10000000E-17 1.10000000E-17 1.10000000E-17
 1.3947975000000E+06 2.9984250000000E+01
D___5           2.00000000E-01 1.10000000E-17 1.10000000E-17 1.10000000E-17
 1.3947975000000E+06 2.9984250000000E+01
D___6           2.00000000E-01 1.10000000E-17 1.10000000E-17 1.10000000E-17
 1.3947975000000E+06 2.9984250000000E+01
D___7           2.00000000E-01 1.10000000E-17 1.10000000E-17 1.10000000E-17
 1.3947975000000E+06 2.9984250000000E+01
D___8           2.00000000E-01 1.10000000E-17 1.10000000E-17 1.10000000E-17
 1.3947975000000E+06 2.9984250000000E+01
D___9           2.00000000E-01 1.10000000E-13 1.10000000E-13 1.10000000E-15
 1.3445725000000E+06 2.9966750000000E+01
D__10           2.00000000E-01 1.10000000E-13 1.10000000E-13 1.10000000E-15
 1.3445725000000E+06 2.9966750000000E+01
D__11           2.00000000E-01 1.10000000E-13 1.10000000E-13 1.10000000E-15
 1.3445725000000E+06 2.9966750000000E+01
D__12           2.00000000E-01 1.10000000E-13 1.10000000E-13 1.10000000E-15
 1.3445725000000E+06 2.9966750000000E+01
D__13           2.00000000E-01 1.10000000E-13 1.10000000E-13 1.10000000E-15
 1.3445725000000E+06 2.9966750000000E+01
D__14           2.00000000E-01 1.10000000E-13 1.10000000E-13 1.10000000E-15
 1.3445725000000E+06 2.9966750000000E+01
D__15           2.00000000E-01 1.10000000E-13 1.10000000E-13 1.10000000E-15
 1.3445725000000E+06 2.9966750000000E+01
D__16           2.42092166-322 2.00000000E-01 2.00000000E-01 6.37344683-322
 1.3445725000000E+06 2.9966750000000E+01
D__17           2.00000000E-01 1.10000000E-13 1.10000000E-13 1.10000000E-15
 1.3445725000000E+06 2.9966750000000E+01
D__18           1.00000000E-01 1.10000000E-12 1.10000000E-12 1.10000000E-12
 1.1888750000000E+06 2.9912500000000E+01
D__19           1.00000000E-01 1.10000000E-12 1.10000000E-12 1.10000000E-12
 1.1888750000000E+06 2.9912500000000E+01
D__20           1.00000000E-01 1.10000000E-12 1.10000000E-12 1.10000000E-12
 1.1888750000000E+06 2.9912500000000E+01
D__21           1.00000000E-01 1.10000000E-12 1.10000000E-12 1.10000000E-12
 1.1888750000000E+06 2.9912500000000E+01
D__22           1.00000000E-01 1.10000000E-12 1.10000000E-12 1.10000000E-12
 1.1888750000000E+06 2.9912500000000E+01
D__23           1.00000000E-01 1.10000000E-12 1.10000000E-12 1.10000000E-12
 1.1888750000000E+06 2.9912500000000E+01
D__24           1.00000000E-01 1.10000000E-12 1.10000000E-12 1.10000000E-12
 1.1888750000000E+06 2.9912500000000E+01
D__25           2.42092166-322 2.00000000E-01 2.00000000E-01 6.37344683-322
 1.1888750000000E+06 2.9912500000000E+01
D__26           1.00000000E-01 1.10000000E-12 1.10000000E-12 1.10000000E-12
 1.1888750000000E+06 2.9912500000000E+01
D__27           1.00000000E-01 1.10000000E-12 1.10000000E-12 1.10000000E-12
 9.8797500000000E+05 2.9842500000000E+01
D__28           1.00000000E-01 1.10000000E-12 1.10000000E-12 1.10000000E-12
 9.8797500000000E+05 2.9842500000000E+01
D__29           1.00000000E-01 1.10000000E-12 1.10000000E-12 1.10000000E-12
 9.8797500000000E+05 2.9842500000000E+01
D__30           1.00000000E-01 1.10000000E-12 1.10000000E-12 1.10000000E-12
 9.8797500000000E+05 2.9842500000000E+01
D__31           1.00000000E-01 1.10000000E-12 1.10000000E-12 1.10000000E-12
 9.8797500000000E+05 2.9842500000000E+01
D__32           1.00000000E-01 1.10000000E-12 1.10000000E-12 1.10000000E-12
 9.8797500000000E+05 2.9842500000000E+01
D__33           1.00000000E-01 1.10000000E-12 1.10000000E-12 1.10000000E-12
 9.8797500000000E+05 2.9842500000000E+01
D__34           2.42092166-322 2.00000000E-01 2.00000000E-01 6.37344683-322
 9.8797500000000E+05 2.9842500000000E+01
D__35           1.00000000E-01 1.10000000E-12 1.10000000E-12 1.10000000E-12
 9.8797500000000E+05 2.9842500000000E+01
D__36           1.00000000E-01 1.10000000E-17 1.10000000E-17 1.10000000E-17
 9.1263750000000E+05 2.9816250000000E+01
D__37           1.00000000E-01 1.10000000E-17 1.10000000E-17 1.10000000E-17
 9.1263750000000E+05 2.9816250000000E+01
D__38           1.00000000E-01 1.10000000E-17 1.10000000E-17 1.10000000E-17
 9.1263750000000E+05 2.9816250000000E+01
D__39           1.00000000E-01 1.10000000E-17 1.10000000E-17 1.10000000E-17
 9.1263750000000E+05 2.9816250000000E+01
D__40           1.00000000E-01 1.10000000E-17 1.10000000E-17 1.10000000E-17
 9.1263750000000E+05 2.9816250000000E+01
D__41           1.00000000E-01 1.10000000E-17 1.10000000E-17 1.10000000E-17
 9.1263750000000E+05 2.9816250000000E+01
D__42           1.00000000E-01 1.10000000E-17 1.10000000E-17 1.10000000E-17
 9.1263750000000E+05 2.9816250000000E+01
D__43           1.00000000E-01 1.10000000E-17 1.10000000E-17 1.10000000E-17
 9.1263750000000E+05 2.9816250000000E+01
D__44           1.00000000E-01 1.10000000E-17 1.10000000E-17 1.10000000E-17
 9.1263750000000E+05 2.9816250000000E+01
E___0           2.00000000E-01 1.10000000E-17 1.10000000E-17 1.10000000E-17
 1.3947975000000E+06 2.9984250000000E+01
E___1           2.00000000E-01 1.10000000E-17 1.10000000E-17 1.10000000E-17
 1.3947975000000E+06 2.9984250000000E+01
E___2           2.00000000E-01 1.10000000E-17 1.10000000E-17 1.10000000E-17
 1.3947975000000E+06 2.9984250000000E+01
E___3           2.00000000E-01 1.10000000E-17 1.10000000E-17 1.10000000E-17
 1.3947975000000E+06 2.9984250000000E+01
E___4           2.00000000E-01 1.10000000E-17 1.10000000E-17 1.10000000E-17
 1.3947975000000E+06 2.9984250000000E+01
E___5           2.00000000E-01 1.10000000E-17 1.10000000E-17 1.10000000E-17
 1.3947975000000E+06 2.9984250000000E+01
E___6           2.00000000E-01 1.10000000E-17 1.10000000E-17 1.10000000E-17
 1.3947975000000E+06 2.9984250000000E+01
E___7           2.00000000E-01 1.10000000E-17 1.10000000E-17 1.10000000E-17
 1.3947975000000E+06 2.9984250000000E+01
E___8           2.00000000E-01 1.10000000E-17 1.10000000E-17 1.10000000E-17
 1.3947975000000E+06 2.9984250000000E+01
E___9           2.00000000E-01 1.10000000E-13 1.10000000E-13 1.10000000E-15
 1.3445725000000E+06 2.9966750000000E+01
E__10           2.00000000E-01 1.10000000E-13 1.10000000E-13 1.10000000E-15
 1.3445725000000E+06 2.9966750000000E+01
E__11           2.00000000E-01 1.10000000E-13 1.10000000E-13 1.10000000E-15
 1.3445725000000E+06 2.9966750000000E+01
E__12           2.00000000E-01 1.10000000E-13 1.10000000E-13 1.10000000E-15
 1.3445725000000E+06 2.9966750000000E+01
E__13           2.00000000E-01 1.10000000E-13 1.10000000E-13 1.10000000E-15
 1.3445725000000E+06 2.9966750000000E+01
E__14           2.00000000E-01 1.10000000E-13 1.10000000E-13 1.10000000E-15
 1.3445725000000E+06 2.9966750000000E+01
E__15           2.00000000E-01 1.10000000E-13 1.10000000E-13 1.10000000E-15
 1.3445725000000E+06 2.9966750000000E+01
E__16           2.42092166-322 2.00000000E-01 2.00000000E-01 6.37344683-322
 1.3445725000000E+06 2.9966750000000E+01
E__17           2.00000000E-01 1.10000000E-13 1.10000000E-13 1.10000000E-15
 1.3445725000000E+06 2.9966750000000E+01
E__18           1.00000000E-01 1.10000000E-12 1.10000000E-12 1.10000000E-12
 1.1888750000000E+06 2.9912500000000E+01
E__19           1.00000000E-01 1.10000000E-12 1.10000000E-12 1.10000000E-12
 1.1888750000000E+06 2.9912500000000E+01
E__20           1.00000000E-01 1.10000000E-12 1.10000000E-12 1.10000000E-12
 1.1888750000000E+06 2.9912500000000E+01
E__21           1.00000000E-01 1.10000000E-12 1.10000000E-12 1.10000000E-12
 1.1888750000000E+06 2.9912500000000E+01
E__22           1.00000000E-01 1.10000000E-12 1.10000000E-12 1.10000000E-12
 1.1888750000000E+06 2.9912500000000E+01
E__23           1.00000000E-01 1.10000000E-12 1.10000000E-12 1.10000000E-12
 1.1888750000000E+06 2.9912500000000E+01
E__24           1.00000000E-01 1.10000000E-12 1.10000000E-12 1.10000000E-12
 1.1888750000000E+06 2.9912500000000E+01
E__25           2.42092166-322 2.00000000E-01 2.00000000E-01 6.37344683-322
 1.1888750000000E+06 2.9912500000000E+01
E__26           1.00000000E-01 1.10000000E-12 1.10000000E-12 1.10000000E-12
 1.1888750000000E+06 2.9912500000000E+01
E__27           1.00000000E-01 1.10000000E-12 1.10000000E-12 1.10000000E-12
 9.8797500000000E+05 2.9842500000000E+01
E__28           1.00000000E-01 1.10000000E-12 1.10000000E-12 1.10000000E-12
 9.8797500000000E+05 2.9842500000000E+01
E__29           1.00000000E-01 1.10000000E-12 1.10000000E-12 1.10000000E-12
 9.8797500000000E+05 2.9842500000000E+01
E__30           1.00000000E-01 1.10000000E-12 1.10000000E-12 1.10000000E-12
 9.8797500000000E+05 2.9842500000000E+01
E__31           1.00000000E-01 1.10000000E-12 1.10000000E-12 1.10000000E-12
 9.8797500000000E+05 2.9842500000000E+01
E__32           1.00000000E-01 1.10000000E-12 1.10000000E-12 1.10000000E-12
 9.8797500000000E+05 2.9842500000000E+01
E__33           1.00000000E-01 1.10000000E-12 1.10000000E-12 1.10000000E-12
 9.8797500000000E+05 2.9842500000000E+01
E__34           2.42092166-322 2.00000000E-01 2.00000000E-01 6.37344683-322
 9.8797500000000E+05 2.9842500000000E+01
E__35           1.00000000E-01 1.10000000E-12 1.10000000E-12 1.10000000E-12
 9.8797500000000E+05 2.9842500000000E+01
E__36           1.00000000E-01 1.10000000E-17 1.10000000E-17 1.10000000E-17
 9.1263750000000E+05 2.9816250000000E+01
E__37           1.00000000E-01 1.10000000E-17 1.10000000E-17 1.10000000E-17
 9.1263750000000E+05 2.9816250000000E+01
E__38           1.00000000E-01 1.10000000E-17 1.10000000E-17 1.10000000E-17
 9.1263750000000E+05 2.9816250000000E+01
E__39           1.00000000E-01 1.10000000E-17 1.10000000E-17 1.10000000E-17
 9.1263750000000E+05 2.9816250000000E+01
E__40           1.00000000E-01 1.10000000E-17 1.10000000E-17 1.10000000E-17
 9.1263750000000E+05 2.9816250000000E+01
E__41           1.00000000E-01 1.10000000E-17 1.10000000E-17 1.10000000E-17
 9.1263750000000E+05 2.9816250000000E+01
E__42           1.00000000E-01 1.10000000E-17 1.10000000E-17 1.10000000E-17
 9.1263750000000E+05 2.9816250000000E+01
E__43           1.00000000E-01 1.10000000E-17 1.10000000E-17 1.10000000E-17
 9.1263750000000E+05 2.9816250000000E+01
E__44           1.00000000E-01 1.10000000E-17 1.10000000E-17 1.10000000E-17
 9.1263750000000E+05 2.9816250000000E+01
F___0           2.00000000E-01 1.10000000E-17 1.10000000E-17 1.10000000E-17
 1.3947975000000E+06 2.9984250000000E+01
F___1           2.00000000E-01 1.10000000E-17 1.10000000E-17 1.10000000E-17
 1.3947975000000E+06 2.9984250000000E+01
F___2           2.00000000E-01 1.10000000E-17 1.10000000E-17 1.10000000E-17
 1.3947975000000E+06 2.9984250000000E+01
F___3           2.00000000E-01 1.10000000E-17 1.10000000E-17 1.10000000E-17
 1.3947975000000E+06 2.9984250000000E+01
F___4           2.00000000E-01 1.10000000E-17 1.10000000E-17 1.10000000E-17
 1.3947975000000E+06 2.9984250000000E+01
F___5           2.00000000E-01 1.10000000E-17 1.10000000E-17 1.10000000E-17
 1.3947975000000E+06 2.9984250000000E+01
F___6           2.00000000E-01 1.10000000E-17 1.10000000E-17 1.10000000E-17
 1.3947975000000E+06 2.9984250000000E+01
F___7           2.00000000E-01 1.10000000E-17 1.10000000E-17 1.10000000E-17
 1.3947975000000E+06 2.9984250000000E+01
F___8           2.00000000E-01 1.10000000E-17 1.10000000E-17 1.10000000E-17
 1.3947975000000E+06 2.9984250000000E+01
F___9           2.00000000E-01 1.10000000E-13 1.10000000E-13 1.10000000E-15
 1.3445725000000E+06 2.9966750000000E+01
F__10           2.00000000E-01 1.10000000E-13 1.10000000E-13 1.10000000E-15
 1.3445725000000E+06 2.9966750000000E+01
F__11           2.00000000E-01 1.10000000E-13 1.10000000E-13 1.10000000E-15
 1.3445725000000E+06 2.9966750000000E+01
F__12           2.00000000E-01 1.10000000E-13 1.10000000E-13 1.10000000E-15
 1.3445725000000E+06 2.9966750000000E+01
F__13           2.00000000E-01 1.10000000E-13 1.10000000E-13 1.10000000E-15
 1.3445725000000E+06 2.9966750000000E+01
F__14           2.00000000E-01 1.10000000E-13 1.10000000E-13 1.10000000E-15
 1.3445725000000E+06 2.9966750000000E+01
F__15           2.00000000E-01 1.10000000E-13 1.10000000E-13 1.10000000E-15
 1.3445725000000E+06 2.9966750000000E+01
F__16           2.42092166-322 2.00000000E-01 2.00000000E-01 6.37344683-322
 1.3445725000000E+06 2.9966750000000E+01
F__17           2.00000000E-01 1.10000000E-13 1.10000000E-13 1.10000000E-15
 1.3445725000000E+06 2.9966750000000E+01
F__18           1.00000000E-01 1.10000000E-12 1.10000000E-12 1.10000000E-12
 1.1888750000000E+06 2.9912500000000E+01
F__19           1.00000000E-01 1.10000000E-12 1.10000000E-12 1.10000000E-12
 1.1888750000000E+06 2.9912500000000E+01
F__20           1.00000000E-01 1.10000000E-12 1.10000000E-12 1.10000000E-12
 1.1888750000000E+06 2.9912500000000E+01
F__21           1.00000000E-01 1.10000000E-12 1.10000000E-12 1.10000000E-12
 1.1888750000000E+06 2.9912500000000E+01
F__22           1.00000000E-01 1.10000000E-12 1.10000000E-12 1.10000000E-12
 1.1888750000000E+06 2.9912500000000E+01
F__23           1.00000000E-01 1.10000000E-12 1.10000000E-12 1.10000000E-12
 1.1888750000000E+06 2.9912500000000E+01
F__24           1.00000000E-01 1.10000000E-12 1.10000000E-12 1.10000000E-12
 1.1888750000000E+06 2.9912500000000E+01
F__25           2.42092166-322 2.00000000E-01 2.00000000E-01 6.37344683-322
 1.1888750000000E+06 2.9912500000000E+01
F__26           1.00000000E-01 1.10000000E-12 1.10000000E-12 1.10000000E-12
 1.1888750000000E+06 2.9912500000000E+01
F__27           1.00000000E-01 1.10000000E-12 1.10000000E-12 1.10000000E-12
 9.8797500000000E+05 2.9842500000000E+01
F__28           1.00000000E-01 1.10000000E-12 1.10000000E-12 1.10000000E-12
 9.8797500000000E+05 2.9842500000000E+01
F__29           1.00000000E-01 1.10000000E-12 1.10000000E-12 1.10000000E-12
 9.8797500000000E+05 2.9842500000000E+01
F__30           1.00000000E-01 1.10000000E-12 1.10000000E-12 1.10000000E-12
 9.8797500000000E+05 2.9842500000000E+01
F__31           1.00000000E-01 1.10000000E-12 1.10000000E-12 1.10000000E-12
 9.8797500000000E+05 2.9842500000000E+01
F__32           1.00000000E-01 1.10000000E-12 1.10000000E-12 1.10000000E-12
 9.8797500000000E+05 2.9842500000000E+01
F__33           1.00000000E-01 1.10000000E-12 1.10000000E-12 1.10000000E-12
 9.8797500000000E+05 2.9842500000000E+01
F__34           2.42092166-322 2.00000000E-01 2.00000000E-01 6.37344683-322
 9.8797500000000E+05 2.9842500000000E+01
F__35           1.00000000E-01 1.10000000E-12 1.10000000E-12 1.10000000E-12
 9.8797500000000E+05 2.9842500000000E+01
F__36           1.00000000E-01 1.10000000E-17 1.10000000E-17 1.10000000E-17
 9.1263750000000E+05 2.9816250000000E+01
F__37           1.00000000E-01 1.10000000E-17 1.10000000E-17 1.10000000E-17
 9.1263750000000E+05 2.9816250000000E+01
F__38           1.00000000E-01 1.10000000E-17 1.10000000E-17 1.10000000E-17
 9.1263750000000E+05 2.9816250000000E+01
F__39           1.00000000E-01 1.10000000E-17 1.10000000E-17 1.10000000E-17
 9.1263750000000E+05 2.9816250000000E+01
F__40           1.00000000E-01 1.10000000E-17 1.10000000E-17 1.10000000E-17
 9.1263750000000E+05 2.9816250000000E+01
F__41           1.00000000E-01 1.10000000E-17 1.10000000E-17 1.10000000E-17
 9.1263750000000E+05 2.9816250000000E+01
F__42           1.00000000E-01 1.10000000E-17 1.10000000E-17 1.10000000E-17
 9.1263750000000E+05 2.9816250000000E+01
F__43           1.00000000E-01 1.10000000E-17 1.10000000E-17 1.10000000E-17
 9.1263750000000E+05 2.9816250000000E+01
F__44           1.00000000E-01 1.10000000E-17 1.10000000E-17 1.10000000E-17
 9.1263750000000E+05 2.9816250000000E+01
G___0           2.00000000E-01 1.10000000E-17 1.10000000E-17 1.10000000E-17
 1.3947975000000E+06 2.9984250000000E+01
G___1           2.00000000E-01 1.10000000E-17 1.10000000E-17 1.10000000E-17
 1.3947975000000E+06 2.9984250000000E+01
G___2           2.00000000E-01 1.10000000E-17 1.10000000E-17 1.10000000E-17
 1.3947975000000E+06 2.9984250000000E+01
G___3           2.00000000E-01 1.10000000E-17 1.10000000E-17 1.10000000E-17
 1.3947975000000E+06 2.9984250000000E+01
G___4           2.00000000E-01 1.10000000E-17 1.10000000E-17 1.10000000E-17
 1.3947975000000E+06 2.9984250000000E+01
G___5           2.00000000E-01 1.10000000E-17 1.10000000E-17 1.10000000E-17
 1.3947975000000E+06 2.9984250000000E+01
G___6           2.00000000E-01 1.10000000E-17 1.10000000E-17 1.10000000E-17
 1.3947975000000E+06 2.9984250000000E+01
G___7           2.00000000E-01 1.10000000E-17 1.10000000E-17 1.10000000E-17
 1.3947975000000E+06 2.9984250000000E+01
G___8           2.00000000E-01 1.10000000E-17 1.10000000E-17 1.10000000E-17
 1.3947975000000E+06 2.9984250000000E+01
G___9           2.00000000E-01 1.10000000E-13 1.10000000E-13 1.10000000E-15
 1.3445725000000E+06 2.9966750000000E+01
G__10           2.00000000E-01 1.10000000E-13 1.10000000E-13 1.10000000E-15
 1.3445725000000E+06 2.9966750000000E+01
G__11           2.00000000E-01 1.10000000E-13 1.10000000E-13 1.10000000E-15
 1.3445725000000E+06 2.9966750000000E+01
G__12           2.00000000E-01 1.10000000E-13 1.10000000E-13 1.10000000E-15
 1.3445725000000E+06 2.9966750000000E+01
G__13           2.00000000E-01 1.10000000E-13 1.10000000E-13 1.10000000E-15
 1.3445725000000E+06 2.9966750000000E+01
G__14           2.00000000E-01 1.10000000E-13 1.10000000E-13 1.10000000E-15
 1.3445725000000E+06 2.9966750000000E+01
G__15           2.00000000E-01 1.10000000E-13 1.10000000E-13 1.10000000E-15
 1.3445725000000E+06 2.9966750000000E+01
G__16           2.42092166-322 2.00000000E-01 2.00000000E-01 6.37344683-322
 1.3445725000000E+06 2.9966750000000E+01
G__17           2.00000000E-01 1.10000000E-13 1.10000000E-13 1.10000000E-15
 1.3445725000000E+06 2.9966750000000E+01
G__18           1.00000000E-01 1.10000000E-12 1.10000000E-12 1.10000000E-12
 1.1888750000000E+06 2.9912500000000E+01
G__19           1.00000000E-01 1.10000000E-12 1.10000000E-12 1.10000000E-12
 1.1888750000000E+06 2.9912500000000E+01
G__20           1.00000000E-01 1.10000000E-12 1.10000000E-12 1.10000000E-12
 1.1888750000000E+06 2.9912500000000E+01
G__21           1.00000000E-01 1.10000000E-12 1.10000000E-12 1.10000000E-12
 1.1888750000000E+06 2.9912500000000E+01
G__22           1.00000000E-01 1.10000000E-12 1.10000000E-12 1.10000000E-12
 1.1888750000000E+06 2.9912500000000E+01
G__23           1.00000000E-01 1.10000000E-12 1.10000000E-12 1.10000000E-12
 1.1888750000000E+06 2.9912500000000E+01
G__24           1.00000000E-01 1.10000000E-12 1.10000000E-12 1.10000000E-12
 1.1888750000000E+06 2.9912500000000E+01
G__25           2.42092166-322 2.00000000E-01 2.00000000E-01 6.37344683-322
 1.1888750000000E+06 2.9912500000000E+01
G__26           1.00000000E-01 1.10000000E-12 1.10000000E-12 1.10000000E-12
 1.1888750000000E+06 2.9912500000000E+01
G__27           1.00000000E-01 1.10000000E-12 1.10000000E-12 1.10000000E-12
 9.8797500000000E+05 2.9842500000000E+01
G__28           1.00000000E-01 1.10000000E-12 1.10000000E-12 1.10000000E-12
 9.8797500000000E+05 2.9842500000000E+01
G__29           1.00000000E-01 1.10000000E-12 1.10000000E-12 1.10000000E-12
 9.8797500000000E+05 2.9842500000000E+01
G__30           1.00000000E-01 1.10000000E-12 1.10000000E-12 1.10000000E-12
 9.8797500000000E+05 2.9842500000000E+01
G__31           1.00000000E-01 1.10000000E-12 1.10000000E-12 1.10000000E-12
 9.8797500000000E+05 2.9842500000000E+01
G__32           1.00000000E-01 1.10000000E-12 1.10000000E-12 1.10000000E-12
 9.8797500000000E+05 2.9842500000000E+01
G__33           1.00000000E-01 1.10000000E-12 1.10000000E-12 1.10000000E-12
 9.8797500000000E+05 2.9842500000000E+01
G__34           2.42092166-322 2.00000000E-01 2.00000000E-01 6.37344683-322
 9.8797500000000E+05 2.9842500000000E+01
G__35           1.00000000E-01 1.10000000E-12 1.10000000E-12 1.10000000E-12
 9.8797500000000E+05 2.9842500000000E+01
G__36           1.00000000E-01 1.10000000E-17 1.10000000E-17 1.10000000E-17
 9.1263750000000E+05 2.9816250000000E+01
G__37           1.00000000E-01 1.10000000E-17 1.10000000E-17 1.10000000E-17
 9.1263750000000E+05 2.9816250000000E+01
G__38           1.00000000E-01 1.10000000E-17 1.10000000E-17 1.10000000E-17
 9.1263750000000E+05 2.9816250000000E+01
G__39           1.00000000E-01 1.10000000E-17 1.10000000E-17 1.10000000E-17
 9.1263750000000E+05 2.9816250000000E+01
G__40           1.00000000E-01 1.10000000E-17 1.10000000E-17 1.10000000E-17
 9.1263750000000E+05 2.9816250000000E+01
G__41           1.00000000E-01 1.10000000E-17 1.10000000E-17 1.10000000E-17
 9.1263750000000E+05 2.9816250000000E+01
G__42           1.00000000E-01 1.10000000E-17 1.10000000E-17 1.10000000E-17
 9.1263750000000E+05 2.9816250000000E+01
G__43           1.00000000E-01 1.10000000E-17 1.10000000E-17 1.10000000E-17
 9.1263750000000E+05 2.9816250000000E+01
G__44           1.00000000E-01 1.10000000E-17 1.10000000E-17 1.10000000E-17
 9.1263750000000E+05 2.9816250000000E+01
H___0           2.00000000E-01 1.10000000E-17 1.10000000E-17 1.10000000E-17
 1.3947975000000E+06 2.9984250000000E+01
H___1           2.00000000E-01 1.10000000E-17 1.10000000E-17 1.10000000E-17
 1.3947975000000E+06 2.9984250000000E+01
H___2           2.00000000E-01 1.10000000E-17 1.10000000E-17 1.10000000E-17
 1.3947975000000E+06 2.9984250000000E+01
H___3           2.00000000E-01 1.10000000E-17 1.10000000E-17 1.10000000E-17
 1.3947975000000E+06 2.9984250000000E+01
H___4           2.00000000E-01 1.10000000E-17 1.10000000E-17 1.10000000E-17
 1.3947975000000E+06 2.9984250000000E+01
H___5           2.00000000E-01 1.10000000E-17 1.10000000E-17 1.10000000E-17
 1.3947975000000E+06 2.9984250000000E+01
H___6           2.00000000E-01 1.10000000E-17 1.10000000E-17 1.10000000E-17
 1.3947975000000E+06 2.9984250000000E+01
H___7           2.00000000E-01 1.10000000E-17 1.10000000E-17 1.10000000E-17
 1.3947975000000E+06 2.9984250000000E+01
H___8           2.00000000E-01 1.10000000E-17 1.10000000E-17 1.10000000E-17
 1.3947975000000E+06 2.9984250000000E+01
H___9           2.00000000E-01 1.10000000E-13 1.10000000E-13 1.10000000E-15
 1.3445725000000E+06 2.9966750000000E+01
H__10           2.00000000E-01 1.10000000E-13 1.10000000E-13 1.10000000E-15
 1.3445725000000E+06 2.9966750000000E+01
H__11           2.00000000E-01 1.10000000E-13 1.10000000E-13 1.10000000E-15
 1.3445725000000E+06 2.9966750000000E+01
H__12           2.00000000E-01 1.10000000E-13 1.10000000E-13 1.10000000E-15
 1.3445725000000E+06 2.9966750000000E+01
H__13           2.00000000E-01 1.10000000E-13 1.10000000E-13 1.10000000E-15
 1.3445725000000E+06 2.9966750000000E+01
H__14           2.00000000E-01 1.10000000E-13 1.10000000E-13 1.10000000E-15
 1.3445725000000E+06 2.9966750000000E+01
H__15           2.00000000E-01 1.10000000E-13 1.10000000E-13 1.10000000E-15
 1.3445725000000E+06 2.9966750000000E+01
H__16           2.42092166-322 2.00000000E-01 2.00000000E-01 6.37344683-322
 1.3445725000000E+06 2.9966750000000E+01
H__17           2.00000000E-01 1.10000000E-13 1.10000000E-13 1.10000000E-15
 1.3445725000000E+06 2.9966750000000E+01
H__18           1.00000000E-01 1.10000000E-12 1.10000000E-12 1.10000000E-12
 1.1888750000000E+06 2.9912500000000E+01
H__19           1.00000000E-01 1.10000000E-12 1.10000000E-12 1.10000000E-12
 1.1888750000000E+06 2.9912500000000E+01
H__20           1.00000000E-01 1.10000000E-12 1.10000000E-12 1.10000000E-12
 1.1888750000000E+06 2.9912500000000E+01
H__21           1.00000000E-01 1.10000000E-12 1.10000000E-12 1.10000000E-12
 1.1888750000000E+06 2.9912500000000E+01
H__22           1.00000000E-01 1.10000000E-12 1.10000000E-12 1.10000000E-12
 1.1888750000000E+06 2.9912500000000E+01
H__23           1.00000000E-01 1.10000000E-12 1.10000000E-12 1.10000000E-12
 1.1888750000000E+06 2.9912500000000E+01
H__24           1.00000000E-01 1.10000000E-12 1.10000000E-12 1.10000000E-12
 1.1888750000000E+06 2.9912500000000E+01
H__25           2.42092166-322 2.00000000E-01 2.00000000E-01 6.37344683-322
 1.1888750000000E+06 2.9912500000000E+01
H__26           1.00000000E-01 1.10000000E-12 1.10000000E-12 1.10000000E-12
 1.1888750000000E+06 2.9912500000000E+01
H__27           1.00000000E-01 1.10000000E-12 1.10000000E-12 1.10000000E-12
 9.8797500000000E+05 2.9842500000000E+01
H__28           1.00000000E-01 1.10000000E-12 1.10000000E-12 1.10000000E-12
 9.8797500000000E+05 2.9842500000000E+01
H__29           1.00000000E-01 1.10000000E-12 1.10000000E-12 1.10000000E-12
 9.8797500000000E+05 2.9842500000000E+01
H__30           1.00000000E-01 1.10000000E-12 1.10000000E-12 1.10000000E-12
 9.8797500000000E+05 2.9842500000000E+01
H__31           1.00000000E-01 1.10000000E-12 1.10000000E-12 1.10000000E-12
 9.8797500000000E+05 2.9842500000000E+01
H__32           1.00000000E-01 1.10000000E-12 1.10000000E-12 1.10000000E-12
 9.8797500000000E+05 2.9842500000000E+01
H__33           1.00000000E-01 1.10000000E-12 1.10000000E-12 1.10000000E-12
 9.8797500000000E+05 2.9842500000000E+01
H__34           2.42092166-322 2.00000000E-01 2.00000000E-01 6.37344683-322
 9.8797500000000E+05 2.9842500000000E+01
H__35           1.00000000E-01 1.10000000E-12 1.10000000E-12 1.10000000E-12
 9.8797500000000E+05 2.9842500000000E+01
H__36           1.00000000E-01 1.10000000E-17 1.10000000E-17 1.10000000E-17
 9.1263750000000E+05 2.9816250000000E+01
H__37           1.00000000E-01 1.10000000E-17 1.10000000E-17 1.10000000E-17
 9.1263750000000E+05 2.9816250000000E+01
H__38           1.00000000E-01 1.10000000E-17 1.10000000E-17 1.10000000E-17
 9.1263750000000E+05 2.9816250000000E+01
H__39           1.00000000E-01 1.10000000E-17 1.10000000E-17 1.10000000E-17
 9.1263750000000E+05 2.9816250000000E+01
H__40           1.00000000E-01 1.10000000E-17 1.10000000E-17 1.10000000E-17
 9.1263750000000E+05 2.9816250000000E+01
H__41           1.00000000E-01 1.10000000E-17 1.10000000E-17 1.10000000E-17
 9.1263750000000E+05 2.9816250000000E+01
H__42           1.00000000E-01 1.10000000E-17 1.10000000E-17 1.10000000E-17
 9.1263750000000E+05 2.9816250000000E+01
H__43           1.00000000E-01 1.10000000E-17 1.10000000E-17 1.10000000E-17
 9.1263750000000E+05 2.9816250000000E+01
H__44           1.00000000E-01 1.10000000E-17 1.10000000E-17 1.10000000E-17
 9.1263750000000E+05 2.9816250000000E+01
I___0           2.00000000E-01 1.10000000E-17 1.10000000E-17 1.10000000E-17
 1.3947975000000E+06 2.9984250000000E+01
I___1           2.00000000E-01 1.10000000E-17 1.10000000E-17 1.10000000E-17
 1.3947975000000E+06 2.9984250000000E+01
I___2           2.00000000E-01 1.10000000E-17 1.10000000E-17 1.10000000E-17
 1.3947975000000E+06 2.9984250000000E+01
I___3           2.00000000E-01 1.10000000E-17 1.10000000E-17 1.10000000E-17
 1.3947975000000E+06 2.9984250000000E+01
I___4           2.00000000E-01 1.10000000E-17 1.10000000E-17 1.10000000E-17
 1.3947975000000E+06 2.9984250000000E+01
I___5           2.00000000E-01 1.10000000E-17 1.10000000E-17 1.10000000E-17
 1.3947975000000E+06 2.9984250000000E+01
I___6           2.00000000E-01 1.10000000E-17 1.10000000E-17 1.10000000E-17
 1.3947975000000E+06 2.9984250000000E+01
I___7           2.00000000E-01 1.10000000E-17 1.10000000E-17 1.10000000E-17
 1.3947975000000E+06 2.9984250000000E+01
I___8           2.00000000E-01 1.10000000E-17 1.10000000E-17 1.10000000E-17
 1.3947975000000E+06 2.9984250000000E+01
I___9           2.00000000E-01 1.10000000E-13 1.10000000E-13 1.10000000E-15
 1.3445725000000E+06 2.9966750000000E+01
I__10           2.00000000E-01 1.10000000E-13 1.10000000E-13 1.10000000E-15
 1.3445725000000E+06 2.9966750000000E+01
I__11           2.00000000E-01 1.10000000E-13 1.10000000E-13 1.10000000E-15
 1.3445725000000E+06 2.9966750000000E+01
I__12           2.00000000E-01 1.10000000E-13 1.10000000E-13 1.10000000E-15
 1.3445725000000E+06 2.9966750000000E+01
I__13           2.00000000E-01 1.10000000E-13 1.10000000E-13 1.10000000E-15
 1.3445725000000E+06 2.9966750000000E+01
I__14           2.00000000E-01 1.10000000E-13 1.10000000E-13 1.10000000E-15
 1.3445725000000E+06 2.9966750000000E+01
I__15           2.00000000E-01 1.10000000E-13 1.10000000E-13 1.10000000E-15
 1.3445725000000E+06 2.9966750000000E+01
I__16           2.00000000E-01 1.10000000E-13 1.10000000E-13 1.10000000E-15
 1.3445725000000E+06 2.9966750000000E+01
I__17           2.00000000E-01 1.10000000E-13 1.10000000E-13 1.10000000E-15
 1.3445725000000E+06 2.9966750000000E+01
I__18           1.00000000E-01 1.10000000E-12 1.10000000E-12 1.10000000E-12
 1.1888750000000E+06 2.9912500000000E+01
I__19           1.00000000E-01 1.10000000E-12 1.10000000E-12 1.10000000E-12
 1.1888750000000E+06 2.9912500000000E+01
I__20           1.00000000E-01 1.10000000E-12 1.10000000E-12 1.10000000E-12
 1.1888750000000E+06 2.9912500000000E+01
I__21           1.00000000E-01 1.10000000E-12 1.10000000E-12 1.10000000E-12
 1.1888750000000E+06 2.9912500000000E+01
I__22           1.00000000E-01 1.10000000E-12 1.10000000E-12 1.10000000E-12
 1.1888750000000E+06 2.9912500000000E+01
I__23           1.00000000E-01 1.10000000E-12 1.10000000E-12 1.10000000E-12
 1.1888750000000E+06 2.9912500000000E+01
I__24           1.00000000E-01 1.10000000E-12 1.10000000E-12 1.10000000E-12
 1.1888750000000E+06 2.9912500000000E+01
I__25           1.00000000E-01 1.10000000E-12 1.10000000E-12 1.10000000E-12
 1.1888750000000E+06 2.9912500000000E+01
I__26           1.00000000E-01 1.10000000E-12 1.10000000E-12 1.10000000E-12
 1.1888750000000E+06 2.9912500000000E+01
I__27           1.00000000E-01 1.10000000E-12 1.10000000E-12 1.10000000E-12
 9.8797500000000E+05 2.9842500000000E+01
I__28           1.00000000E-01 1.10000000E-12 1.10000000E-12 1.10000000E-12
 9.8797500000000E+05 2.9842500000000E+01
I__29           1.00000000E-01 1.10000000E-12 1.10000000E-12 1.10000000E-12
 9.8797500000000E+05 2.9842500000000E+01
I__30           1.00000000E-01 1.10000000E-12 1.10000000E-12 1.10000000E-12
 9.8797500000000E+05 2.9842500000000E+01
I__31           1.00000000E-01 1.10000000E-12 1.10000000E-12 1.10000000E-12
 9.8797500000000E+05 2.9842500000000E+01
I__32           1.00000000E-01 1.10000000E-12 1.10000000E-12 1.10000000E-12
 9.8797500000000E+05 2.9842500000000E+01
I__33           1.00000000E-01 1.10000000E-12 1.10000000E-12 1.10000000E-12
 9.8797500000000E+05 2.9842500000000E+01
I__34           1.00000000E-01 1.10000000E-12 1.10000000E-12 1.10000000E-12
 9.8797500000000E+05 2.9842500000000E+01
I__35           1.00000000E-01 1.10000000E-12 1.10000000E-12 1.10000000E-12
 9.8797500000000E+05 2.9842500000000E+01
I__36           1.00000000E-01 1.10000000E-17 1.10000000E-17 1.10000000E-17
 9.1263750000000E+05 2.9816250000000E+01
I__37           1.00000000E-01 1.10000000E-17 1.10000000E-17 1.10000000E-17
 9.1263750000000E+05 2.9816250000000E+01
I__38           1.00000000E-01 1.10000000E-17 1.10000000E-17 1.10000000E-17
 9.1263750000000E+05 2.9816250000000E+01
I__39           1.00000000E-01 1.10000000E-17 1.10000000E-17 1.10000000E-17
 9.1263750000000E+05 2.9816250000000E+01
I__40           1.00000000E-01 1.10000000E-17 1.10000000E-17 1.10000000E-17
 9.1263750000000E+05 2.9816250000000E+01
I__41           1.00000000E-01 1.10000000E-17 1.10000000E-17 1.10000000E-17
 9.1263750000000E+05 2.9816250000000E+01
I__42           1.00000000E-01 1.10000000E-17 1.10000000E-17 1.10000000E-17
 9.1263750000000E+05 2.9816250000000E+01
I__43           1.00000000E-01 1.10000000E-17 1.10000000E-17 1.10000000E-17
 9.1263750000000E+05 2.9816250000000E+01
I__44           1.00000000E-01 1.10000000E-17 1.10000000E-17 1.10000000E-17
 9.1263750000000E+05 2.9816250000000E+01


