INCON -- INITIAL CONDITIONS FOR  405 ELEMENTS AT TIME  0.100000E+10
A___0           2.00000000E-01 1.10000000E-17 1.10000000E-17 1.10000000E-17
 1.3947975000000E+06 2.9984250000000E+01
A___1           2.00000000E-01 1.10000000E-17 1.10000000E-17 1.10000000E-17
 1.3947975000000E+06 2.9984250000000E+01
A___2           2.00000000E-01 1.10000000E-17 1.10000000E-17 1.10000000E-17
 1.3947975000000E+06 2.9984250000000E+01
A___3           2.00000000E-01 1.10000000E-17 1.10000000E-17 1.10000000E-17
 1.3947975000000E+06 2.9984250000000E+01
A___4           2.00000000E-01 1.10000000E-17 1.10000000E-17 1.10000000E-17
 1.3947975000000E+06 2.9984250000000E+01
A___5           2.00000000E-01 1.10000000E-17 1.10000000E-17 1.10000000E-17
 1.3947975000000E+06 2.9984250000000E+01
A___6           2.00000000E-01 1.10000000E-17 1.10000000E-17 1.10000000E-17
 1.3947975000000E+06 2.9984250000000E+01
A___7           2.00000000E-01 1.10000000E-17 1.10000000E-17 1.10000000E-17
 1.3947975000000E+06 2.9984250000000E+01
A___8           2.00000000E-01 1.10000000E-17 1.10000000E-17 1.10000000E-17
 1.3947975000000E+06 2.9984250000000E+01
A___9           2.00000000E-01 1.10000000E-13 1.10000000E-13 1.10000000E-15
 1.3445725000000E+06 2.9966750000000E+01
A__10           2.00000000E-01 1.10000000E-13 1.10000000E-13 1.10000000E-15
 1.3445725000000E+06 2.9966750000000E+01
A__11           2.00000000E-01 1.10000000E-13 1.10000000E-13 1.10000000E-15
 1.3445725000000E+06 2.9966750000000E+01
A__12           2.00000000E-01 1.10000000E-13 1.10000000E-13 1.10000000E-15
 1.3445725000000E+06 2.9966750000000E+01
A__13           2.00000000E-01 1.10000000E-13 1.10000000E-13 1.10000000E-15
 1.3445725000000E+06 2.9966750000000E+01
A__14           2.00000000E-01 1.10000000E-13 1.10000000E-13 1.10000000E-15
 1.3445725000000E+06 2.9966750000000E+01
A__15           2.00000000E-01 1.10000000E-13 1.10000000E-13 1.10000000E-15
 1.3445725000000E+06 2.9966750000000E+01
A__16           2.00000000E-01 1.10000000E-13 1.10000000E-13 1.10000000E-15
 1.3445725000000E+06 2.9966750000000E+01
A__17           2.00000000E-01 1.10000000E-13 1.10000000E-13 1.10000000E-15
 1.3445725000000E+06 2.9966750000000E+01
A__18           1.00000000E-01 1.10000000E-12 1.10000000E-12 1.10000000E-12
 1.1888750000000E+06 2.9912500000000E+01
A__19           1.00000000E-01 1.10000000E-12 1.10000000E-12 1.10000000E-12
 1.1888750000000E+06 2.9912500000000E+01
A__20           1.00000000E-01 1.10000000E-12 1.10000000E-12 1.10000000E-12
 1.1888750000000E+06 2.9912500000000E+01
A__21           1.00000000E-01 1.10000000E-12 1.10000000E-12 1.10000000E-12
 1.1888750000000E+06 2.9912500000000E+01
A__22           1.00000000E-01 1.10000000E-12 1.10000000E-12 1.10000000E-12
 1.1888750000000E+06 2.9912500000000E+01
A__23           1.00000000E-01 1.10000000E-12 1.10000000E-12 1.10000000E-12
 1.1888750000000E+06 2.9912500000000E+01
A__24           1.00000000E-01 1.10000000E-12 1.10000000E-12 1.10000000E-12
 1.1888750000000E+06 2.9912500000000E+01
A__25           1.00000000E-01 1.10000000E-12 1.10000000E-12 1.10000000E-12
 1.1888750000000E+06 2.9912500000000E+01
A__26           1.00000000E-01 1.10000000E-12 1.10000000E-12 1.10000000E-12
 1.1888750000000E+06 2.9912500000000E+01
A__27           1.00000000E-01 1.10000000E-12 1.10000000E-12 1.10000000E-12
 9.8797500000000E+05 2.9842500000000E+01
A__28           1.00000000E-01 1.10000000E-12 1.10000000E-12 1.10000000E-12
 9.8797500000000E+05 2.9842500000000E+01
A__29           1.00000000E-01 1.10000000E-12 1.10000000E-12 1.10000000E-12
 9.8797500000000E+05 2.9842500000000E+01
A__30           1.00000000E-01 1.10000000E-12 1.10000000E-12 1.10000000E-12
 9.8797500000000E+05 2.9842500000000E+01
A__31           1.00000000E-01 1.10000000E-12 1.10000000E-12 1.10000000E-12
 9.8797500000000E+05 2.9842500000000E+01
A__32           1.00000000E-01 1.10000000E-12 1.10000000E-12 1.10000000E-12
 9.8797500000000E+05 2.9842500000000E+01
A__33           1.00000000E-01 1.10000000E-12 1.10000000E-12 1.10000000E-12
 9.8797500000000E+05 2.9842500000000E+01
A__34           1.00000000E-01 1.10000000E-12 1.10000000E-12 1.10000000E-12
 9.8797500000000E+05 2.9842500000000E+01
A__35           1.00000000E-01 1.10000000E-12 1.10000000E-12 1.10000000E-12
 9.8797500000000E+05 2.9842500000000E+01
A__36           1.00000000E-01 1.10000000E-17 1.10000000E-17 1.10000000E-17
 9.1263750000000E+05 2.9816250000000E+01
A__37           1.00000000E-01 1.10000000E-17 1.10000000E-17 1.10000000E-17
 9.1263750000000E+05 2.9816250000000E+01
A__38           1.00000000E-01 1.10000000E-17 1.10000000E-17 1.10000000E-17
 9.1263750000000E+05 2.9816250000000E+01
A__39           1.00000000E-01 1.10000000E-17 1.10000000E-17 1.10000000E-17
 9.1263750000000E+05 2.9816250000000E+01
A__40           1.00000000E-01 1.10000000E-17 1.10000000E-17 1.10000000E-17
 9.1263750000000E+05 2.9816250000000E+01
A__41           1.00000000E-01 1.10000000E-17 1.10000000E-17 1.10000000E-17
 9.1263750000000E+05 2.9816250000000E+01
A__42           1.00000000E-01 1.10000000E-17 1.10000000E-17 1.10000000E-17
 9.1263750000000E+05 2.9816250000000E+01
A__43           1.00000000E-01 1.10000000E-17 1.10000000E-17 1.10000000E-17
 9.1263750000000E+05 2.9816250000000E+01
A__44           1.00000000E-01 1.10000000E-17 1.10000000E-17 1.10000000E-17
 9.1263750000000E+05 2.9816250000000E+01
B___0           2.00000000E-01 1.10000000E-17 1.10000000E-17 1.10000000E-17
 1.3947975000000E+06 2.9984250000000E+01
B___1           2.00000000E-01 1.10000000E-17 1.10000000E-17 1.10000000E-17
 1.3947975000000E+06 2.9984250000000E+01
B___2           2.00000000E-01 1.10000000E-17 1.10000000E-17 1.10000000E-17
 1.3947975000000E+06 2.9984250000000E+01
B___3           2.00000000E-01 1.10000000E-17 1.10000000E-17 1.10000000E-17
 1.3947975000000E+06 2.9984250000000E+01
B___4           2.00000000E-01 1.10000000E-17 1.10000000E-17 1.10000000E-17
 1.3947975000000E+06 2.9984250000000E+01
B___5           2.00000000E-01 1.10000000E-17 1.10000000E-17 1.10000000E-17
 1.3947975000000E+06 2.9984250000000E+01
B___6           2.00000000E-01 1.10000000E-17 1.10000000E-17 1.10000000E-17
 1.3947975000000E+06 2.9984250000000E+01
B___7           2.00000000E-01 1.10000000E-17 1.10000000E-17 1.10000000E-17
 1.3947975000000E+06 2.9984250000000E+01
B___8           2.00000000E-01 1.10000000E-17 1.10000000E-17 1.10000000E-17
 1.3947975000000E+06 2.9984250000000E+01
B___9           1.99997579E-01 1.10000000E-13 1.10000000E-13 1.10000000E-15
 1.3407791178254E+06 2.9967895564728E+01
B__10           1.99997580E-01 1.10000000E-13 1.10000000E-13 1.10000000E-15
 1.3407801109020E+06 2.9967901085402E+01
B__11           1.99997582E-01 1.10000000E-13 1.10000000E-13 1.10000000E-15
 1.3407830705312E+06 2.9967912976182E+01
B__12           1.99997587E-01 1.10000000E-13 1.10000000E-13 1.10000000E-15
 1.3407910957977E+06 2.9967931730003E+01
B__13           1.99997601E-01 1.10000000E-13 1.10000000E-13 1.10000000E-15
 1.3408134833672E+06 2.9967953170528E+01
B__14           1.99997644E-01 1.10000000E-13 1.10000000E-13 1.10000000E-15
 1.3408797294803E+06 2.9967955681654E+01
B__15           1.99997778E-01 1.10000000E-13 1.10000000E-13 1.10000000E-15
 1.3410908847915E+06 2.9967868463054E+01
B__16           1.99998244E-01 1.10000000E-13 1.10000000E-13 1.10000000E-15
 1.3418217648079E+06 2.9967524121878E+01
B__17           2.00000000E-01 1.10000000E-13 1.10000000E-13 1.10000000E-15
 1.3445725000000E+06 2.9966750000000E+01
B__18           9.99997719E-02 1.10000000E-12 1.10000000E-12 1.10000000E-12
 1.1881173475725E+06 2.9917269990141E+01
B__19           9.99997721E-02 1.10000000E-12 1.10000000E-12 1.10000000E-12
 1.1881179362435E+06 2.9917292659425E+01
B__20           9.99997728E-02 1.10000000E-12 1.10000000E-12 1.10000000E-12
 1.1881196118445E+06 2.9917341820751E+01
B__21           9.99997744E-02 1.10000000E-12 1.10000000E-12 1.10000000E-12
 1.1881238093251E+06 2.9917420558452E+01
B__22           9.99997780E-02 1.10000000E-12 1.10000000E-12 1.10000000E-12
 1.1881341975392E+06 2.9917514492630E+01
B__23           9.99997864E-02 1.10000000E-12 1.10000000E-12 1.10000000E-12
 1.1881601507789E+06 2.9917540804587E+01
B__24           9.99998065E-02 1.10000000E-12 1.10000000E-12 1.10000000E-12
 1.1882262427328E+06 2.9917215253520E+01
B__25           9.99998578E-02 1.10000000E-12 1.10000000E-12 1.10000000E-12
 1.1883996305457E+06 2.9915818884497E+01
B__26           1.00000000E-01 1.10000000E-12 1.10000000E-12 1.10000000E-12
 1.1888750000000E+06 2.9912500000000E+01
B__27           1.00000854E-01 1.10000000E-12 1.10000000E-12 1.10000000E-12
 9.9028742598196E+05 2.9880545255183E+01
B__28           1.00000854E-01 1.10000000E-12 1.10000000E-12 1.10000000E-12
 9.9028564594670E+05 2.9880630972529E+01
B__29           1.00000853E-01 1.10000000E-12 1.10000000E-12 1.10000000E-12
 9.9028057985558E+05 2.9880853277462E+01
B__30           1.00000850E-01 1.10000000E-12 1.10000000E-12 1.10000000E-12
 9.9026788800515E+05 2.9881335729348E+01
B__31           1.00000843E-01 1.10000000E-12 1.10000000E-12 1.10000000E-12
 9.9023646236171E+05 2.9882307623089E+01
B__32           1.00000823E-01 1.10000000E-12 1.10000000E-12 1.10000000E-12
 9.9015786663054E+05 2.9884071207670E+01
B__33           1.00000766E-01 1.10000000E-12 1.10000000E-12 1.10000000E-12
 9.8995732859882E+05 2.9886468785196E+01
B__34           1.00000593E-01 1.10000000E-12 1.10000000E-12 1.10000000E-12
 9.8942952990062E+05 2.9885167837784E+01
B__35           1.00000000E-01 1.10000000E-12 1.10000000E-12 1.10000000E-12
 9.8797500000000E+05 2.9842500000000E+01
B__36           1.00000000E-01 1.10000000E-17 1.10000000E-17 1.10000000E-17
 9.1263750000000E+05 2.9816250000000E+01
B__37           1.00000000E-01 1.10000000E-17 1.10000000E-17 1.10000000E-17
 9.1263750000000E+05 2.9816250000000E+01
B__38           1.00000000E-01 1.10000000E-17 1.10000000E-17 1.10000000E-17
 9.1263750000000E+05 2.9816250000000E+01
B__39           1.00000000E-01 1.10000000E-17 1.10000000E-17 1.10000000E-17
 9.1263750000000E+05 2.9816250000000E+01
B__40           1.00000000E-01 1.10000000E-17 1.10000000E-17 1.10000000E-17
 9.1263750000000E+05 2.9816250000000E+01
B__41           1.00000000E-01 1.10000000E-17 1.10000000E-17 1.10000000E-17
 9.1263750000000E+05 2.9816250000000E+01
B__42           1.00000000E-01 1.10000000E-17 1.10000000E-17 1.10000000E-17
 9.1263750000000E+05 2.9816250000000E+01
B__43           1.00000000E-01 1.10000000E-17 1.10000000E-17 1.10000000E-17
 9.1263750000000E+05 2.9816250000000E+01
B__44           1.00000000E-01 1.10000000E-17 1.10000000E-17 1.10000000E-17
 9.1263750000000E+05 2.9816250000000E+01
C___0           2.00000000E-01 1.10000000E-17 1.10000000E-17 1.10000000E-17
 1.3947975000000E+06 2.9984250000000E+01
C___1           2.00000000E-01 1.10000000E-17 1.10000000E-17 1.10000000E-17
 1.3947975000000E+06 2.9984250000000E+01
C___2           2.00000000E-01 1.10000000E-17 1.10000000E-17 1.10000000E-17
 1.3947975000000E+06 2.9984250000000E+01
C___3           2.00000000E-01 1.10000000E-17 1.10000000E-17 1.10000000E-17
 1.3947975000000E+06 2.9984250000000E+01
C___4           2.00000000E-01 1.10000000E-17 1.10000000E-17 1.10000000E-17
 1.3947975000000E+06 2.9984250000000E+01
C___5           2.00000000E-01 1.10000000E-17 1.10000000E-17 1.10000000E-17
 1.3947975000000E+06 2.9984250000000E+01
C___6           2.00000000E-01 1.10000000E-17 1.10000000E-17 1.10000000E-17
 1.3947975000000E+06 2.9984250000000E+01
C___7           2.00000000E-01 1.10000000E-17 1.10000000E-17 1.10000000E-17
 1.3947975000000E+06 2.9984250000000E+01
C___8           2.00000000E-01 1.10000000E-17 1.10000000E-17 1.10000000E-17
 1.3947975000000E+06 2.9984250000000E+01
C___9           1.99996796E-01 1.10000000E-13 1.10000000E-13 1.10000000E-15
 1.3395477790738E+06 2.9968664752149E+01
C__10           1.99996797E-01 1.10000000E-13 1.10000000E-13 1.10000000E-15
 1.3395495807676E+06 2.9968677190872E+01
C__11           1.99996800E-01 1.10000000E-13 1.10000000E-13 1.10000000E-15
 1.3395549040211E+06 2.9968703200197E+01
C__12           1.99996810E-01 1.10000000E-13 1.10000000E-13 1.10000000E-15
 1.3395691129846E+06 2.9968741584527E+01
C__13           1.99996835E-01 1.10000000E-13 1.10000000E-13 1.10000000E-15
 1.3396077449217E+06 2.9968777754284E+01
C__14           1.99996905E-01 1.10000000E-13 1.10000000E-13 1.10000000E-15
 1.3397175644135E+06 2.9968756133705E+01
C__15           1.99997114E-01 1.10000000E-13 1.10000000E-13 1.10000000E-15
 1.3400471542149E+06 2.9968532171273E+01
C__16           1.99997780E-01 1.10000000E-13 1.10000000E-13 1.10000000E-15
 1.3410927522154E+06 2.9967872624852E+01
C__17           2.00000000E-01 1.10000000E-13 1.10000000E-13 1.10000000E-15
 1.3445725000000E+06 2.9966750000000E+01
C__18           9.99996730E-02 1.10000000E-12 1.10000000E-12 1.10000000E-12
 1.1877789816508E+06 2.9920422216196E+01
C__19           9.99996735E-02 1.10000000E-12 1.10000000E-12 1.10000000E-12
 1.1877800537277E+06 2.9920473413258E+01
C__20           9.99996748E-02 1.10000000E-12 1.10000000E-12 1.10000000E-12
 1.1877830872043E+06 2.9920581059082E+01
C__21           9.99996777E-02 1.10000000E-12 1.10000000E-12 1.10000000E-12
 1.1877906069198E+06 2.9920742018609E+01
C__22           9.99996841E-02 1.10000000E-12 1.10000000E-12 1.10000000E-12
 1.1878089058010E+06 2.9920900414648E+01
C__23           9.99996981E-02 1.10000000E-12 1.10000000E-12 1.10000000E-12
 1.1878534089446E+06 2.9920834329848E+01
C__24           9.99997302E-02 1.10000000E-12 1.10000000E-12 1.10000000E-12
 1.1879619366034E+06 2.9919948977909E+01
C__25           9.99998069E-02 1.10000000E-12 1.10000000E-12 1.10000000E-12
 1.1882272600244E+06 2.9917232667239E+01
C__26           1.00000000E-01 1.10000000E-12 1.10000000E-12 1.10000000E-12
 1.1888750000000E+06 2.9912500000000E+01
C__27           1.00001166E-01 1.10000000E-12 1.10000000E-12 1.10000000E-12
 9.9131566107952E+05 2.9874763962585E+01
C__28           1.00001165E-01 1.10000000E-12 1.10000000E-12 1.10000000E-12
 9.9131241999066E+05 2.9874921156452E+01
C__29           1.00001164E-01 1.10000000E-12 1.10000000E-12 1.10000000E-12
 9.9130324983830E+05 2.9875329143624E+01
C__30           1.00001159E-01 1.10000000E-12 1.10000000E-12 1.10000000E-12
 9.9128051499682E+05 2.9876214076483E+01
C__31           1.00001147E-01 1.10000000E-12 1.10000000E-12 1.10000000E-12
 9.9122516419409E+05 2.9877991433516E+01
C__32           1.00001113E-01 1.10000000E-12 1.10000000E-12 1.10000000E-12
 9.9109041689653E+05 2.9881210915381E+01
C__33           1.00001021E-01 1.10000000E-12 1.10000000E-12 1.10000000E-12
 9.9076125007870E+05 2.9885789169955E+01
C__34           1.00000766E-01 1.10000000E-12 1.10000000E-12 1.10000000E-12
 9.8995425176901E+05 2.9886558751423E+01
C__35           1.00000000E-01 1.10000000E-12 1.10000000E-12 1.10000000E-12
 9.8797500000000E+05 2.9842500000000E+01
C__36           1.00000000E-01 1.10000000E-17 1.10000000E-17 1.10000000E-17
 9.1263750000000E+05 2.9816250000000E+01
C__37           1.00000000E-01 1.10000000E-17 1.10000000E-17 1.10000000E-17
 9.1263750000000E+05 2.9816250000000E+01
C__38           1.00000000E-01 1.10000000E-17 1.10000000E-17 1.10000000E-17
 9.1263750000000E+05 2.9816250000000E+01
C__39           1.00000000E-01 1.10000000E-17 1.10000000E-17 1.10000000E-17
 9.1263750000000E+05 2.9816250000000E+01
C__40           1.00000000E-01 1.10000000E-17 1.10000000E-17 1.10000000E-17
 9.1263750000000E+05 2.9816250000000E+01
C__41           1.00000000E-01 1.10000000E-17 1.10000000E-17 1.10000000E-17
 9.1263750000000E+05 2.9816250000000E+01
C__42           1.00000000E-01 1.10000000E-17 1.10000000E-17 1.10000000E-17
 9.1263750000000E+05 2.9816250000000E+01
C__43           1.00000000E-01 1.10000000E-17 1.10000000E-17 1.10000000E-17
 9.1263750000000E+05 2.9816250000000E+01
C__44           1.00000000E-01 1.10000000E-17 1.10000000E-17 1.10000000E-17
 9.1263750000000E+05 2.9816250000000E+01
D___0           2.00000000E-01 1.10000000E-17 1.10000000E-17 1.10000000E-17
 1.3947975000000E+06 2.9984250000000E+01
D___1           2.00000000E-01 1.10000000E-17 1.10000000E-17 1.10000000E-17
 1.3947975000000E+06 2.9984250000000E+01
D___2           2.00000000E-01 1.10000000E-17 1.10000000E-17 1.10000000E-17
 1.3947975000000E+06 2.9984250000000E+01
D___3           2.00000000E-01 1.10000000E-17 1.10000000E-17 1.10000000E-17
 1.3947975000000E+06 2.9984250000000E+01
D___4           2.00000000E-01 1.10000000E-17 1.10000000E-17 1.10000000E-17
 1.3947975000000E+06 2.9984250000000E+01
D___5           2.00000000E-01 1.10000000E-17 1.10000000E-17 1.10000000E-17
 1.3947975000000E+06 2.9984250000000E+01
D___6           2.00000000E-01 1.10000000E-17 1.10000000E-17 1.10000000E-17
 1.3947975000000E+06 2.9984250000000E+01
D___7           2.00000000E-01 1.10000000E-17 1.10000000E-17 1.10000000E-17
 1.3947975000000E+06 2.9984250000000E+01
D___8           2.00000000E-01 1.10000000E-17 1.10000000E-17 1.10000000E-17
 1.3947975000000E+06 2.9984250000000E+01
D___9           1.99996537E-01 1.10000000E-13 1.10000000E-13 1.10000000E-15
 1.3391412683486E+06 2.9968984228944E+01
D__10           1.99996539E-01 1.10000000E-13 1.10000000E-13 1.10000000E-15
 1.3391435823234E+06 2.9969002146377E+01
D__11           1.99996544E-01 1.10000000E-13 1.10000000E-13 1.10000000E-15
 1.3391503686984E+06 2.9969038918534E+01
D__12           1.99996555E-01 1.10000000E-13 1.10000000E-13 1.10000000E-15
 1.3391682520543E+06 2.9969091001485E+01
D__13           1.99996586E-01 1.10000000E-13 1.10000000E-13 1.10000000E-15
 1.3392159353774E+06 2.9969134330949E+01
D__14           1.99996670E-01 1.10000000E-13 1.10000000E-13 1.10000000E-15
 1.3393477999939E+06 2.9969089367813E+01
D__15           1.99996913E-01 1.10000000E-13 1.10000000E-13 1.10000000E-15
 1.3397294832420E+06 2.9968777045836E+01
D__16           1.99997650E-01 1.10000000E-13 1.10000000E-13 1.10000000E-15
 1.3408888551154E+06 2.9967972176486E+01
D__17           2.00000000E-01 1.10000000E-13 1.10000000E-13 1.10000000E-15
 1.3445725000000E+06 2.9966750000000E+01
D__18           9.99996315E-02 1.10000000E-12 1.10000000E-12 1.10000000E-12
 1.1876373744970E+06 2.9921690466513E+01
D__19           9.99996322E-02 1.10000000E-12 1.10000000E-12 1.10000000E-12
 1.1876387559715E+06 2.9921764348842E+01
D__20           9.99996339E-02 1.10000000E-12 1.10000000E-12 1.10000000E-12
 1.1876426444005E+06 2.9921916780214E+01
D__21           9.99996376E-02 1.10000000E-12 1.10000000E-12 1.10000000E-12
 1.1876521979017E+06 2.9922135483472E+01
D__22           9.99996455E-02 1.10000000E-12 1.10000000E-12 1.10000000E-12
 1.1876751349262E+06 2.9922326341358E+01
D__23           9.99996626E-02 1.10000000E-12 1.10000000E-12 1.10000000E-12
 1.1877298347379E+06 2.9922168714212E+01
D__24           9.99997003E-02 1.10000000E-12 1.10000000E-12 1.10000000E-12
 1.1878595678231E+06 2.9920922864792E+01
D__25           9.99997881E-02 1.10000000E-12 1.10000000E-12 1.10000000E-12
 1.1881648974778E+06 2.9917610490686E+01
D__26           1.00000000E-01 1.10000000E-12 1.10000000E-12 1.10000000E-12
 1.1888750000000E+06 2.9912500000000E+01
D__27           1.00001279E-01 1.10000000E-12 1.10000000E-12 1.10000000E-12
 9.9174494804186E+05 2.9866819158071E+01
D__28           1.00001279E-01 1.10000000E-12 1.10000000E-12 1.10000000E-12
 9.9174077250768E+05 2.9867034284936E+01
D__29           1.00001277E-01 1.10000000E-12 1.10000000E-12 1.10000000E-12
 9.9172901991277E+05 2.9867592621331E+01
D__30           1.00001271E-01 1.10000000E-12 1.10000000E-12 1.10000000E-12
 9.9170014008729E+05 2.9868801275992E+01
D__31           1.00001256E-01 1.10000000E-12 1.10000000E-12 1.10000000E-12
 9.9163076813552E+05 2.9871215773340E+01
D__32           1.00001216E-01 1.10000000E-12 1.10000000E-12 1.10000000E-12
 9.9146517295997E+05 2.9875556602540E+01
D__33           1.00001109E-01 1.10000000E-12 1.10000000E-12 1.10000000E-12
 9.9107179135290E+05 2.9881795548714E+01
D__34           1.00000820E-01 1.10000000E-12 1.10000000E-12 1.10000000E-12
 9.9014351097662E+05 2.9884515028671E+01
D__35           1.00000000E-01 1.10000000E-12 1.10000000E-12 1.10000000E-12
 9.8797500000000E+05 2.9842500000000E+01
D__36           1.00000000E-01 1.10000000E-17 1.10000000E-17 1.10000000E-17
 9.1263750000000E+05 2.9816250000000E+01
D__37           1.00000000E-01 1.10000000E-17 1.10000000E-17 1.10000000E-17
 9.1263750000000E+05 2.9816250000000E+01
D__38           1.00000000E-01 1.10000000E-17 1.10000000E-17 1.10000000E-17
 9.1263750000000E+05 2.9816250000000E+01
D__39           1.00000000E-01 1.10000000E-17 1.10000000E-17 1.10000000E-17
 9.1263750000000E+05 2.9816250000000E+01
D__40           1.00000000E-01 1.10000000E-17 1.10000000E-17 1.10000000E-17
 9.1263750000000E+05 2.9816250000000E+01
D__41           1.00000000E-01 1.10000000E-17 1.10000000E-17 1.10000000E-17
 9.1263750000000E+05 2.9816250000000E+01
D__42           1.00000000E-01 1.10000000E-17 1.10000000E-17 1.10000000E-17
 9.1263750000000E+05 2.9816250000000E+01
D__43           1.00000000E-01 1.10000000E-17 1.10000000E-17 1.10000000E-17
 9.1263750000000E+05 2.9816250000000E+01
D__44           1.00000000E-01 1.10000000E-17 1.10000000E-17 1.10000000E-17
 9.1263750000000E+05 2.9816250000000E+01
E___0           2.00000000E-01 1.10000000E-17 1.10000000E-17 1.10000000E-17
 1.3947975000000E+06 2.9984250000000E+01
E___1           2.00000000E-01 1.10000000E-17 1.10000000E-17 1.10000000E-17
 1.3947975000000E+06 2.9984250000000E+01
E___2           2.00000000E-01 1.10000000E-17 1.10000000E-17 1.10000000E-17
 1.3947975000000E+06 2.9984250000000E+01
E___3           2.00000000E-01 1.10000000E-17 1.10000000E-17 1.10000000E-17
 1.3947975000000E+06 2.9984250000000E+01
E___4           2.00000000E-01 1.10000000E-17 1.10000000E-17 1.10000000E-17
 1.3947975000000E+06 2.9984250000000E+01
E___5           2.00000000E-01 1.10000000E-17 1.10000000E-17 1.10000000E-17
 1.3947975000000E+06 2.9984250000000E+01
E___6           2.00000000E-01 1.10000000E-17 1.10000000E-17 1.10000000E-17
 1.3947975000000E+06 2.9984250000000E+01
E___7           2.00000000E-01 1.10000000E-17 1.10000000E-17 1.10000000E-17
 1.3947975000000E+06 2.9984250000000E+01
E___8           2.00000000E-01 1.10000000E-17 1.10000000E-17 1.10000000E-17
 1.3947975000000E+06 2.9984250000000E+01
E___9           1.99996476E-01 1.10000000E-13 1.10000000E-13 1.10000000E-15
 1.3390438985444E+06 2.9969054558875E+01
E__10           1.99996477E-01 1.10000000E-13 1.10000000E-13 1.10000000E-15
 1.3390463860693E+06 2.9969074568197E+01
E__11           1.99996482E-01 1.10000000E-13 1.10000000E-13 1.10000000E-15
 1.3390536608587E+06 2.9969115396341E+01
E__12           1.99996495E-01 1.10000000E-13 1.10000000E-13 1.10000000E-15
 1.3390727398208E+06 2.9969172523736E+01
E__13           1.99996527E-01 1.10000000E-13 1.10000000E-13 1.10000000E-15
 1.3391232549463E+06 2.9969218430273E+01
E__14           1.99996616E-01 1.10000000E-13 1.10000000E-13 1.10000000E-15
 1.3392616314881E+06 2.9969165974528E+01
E__15           1.99996867E-01 1.10000000E-13 1.10000000E-13 1.10000000E-15
 1.3396575090182E+06 2.9968828133843E+01
E__16           1.99997622E-01 1.10000000E-13 1.10000000E-13 1.10000000E-15
 1.3408447265453E+06 2.9967988573170E+01
E__17           2.00000000E-01 1.10000000E-13 1.10000000E-13 1.10000000E-15
 1.3445725000000E+06 2.9966750000000E+01
E__18           9.99996200E-02 1.10000000E-12 1.10000000E-12 1.10000000E-12
 1.1875987333876E+06 2.9921960091461E+01
E__19           9.99996207E-02 1.10000000E-12 1.10000000E-12 1.10000000E-12
 1.1876002203637E+06 2.9922042662689E+01
E__20           9.99996225E-02 1.10000000E-12 1.10000000E-12 1.10000000E-12
 1.1876043972297E+06 2.9922212031968E+01
E__21           9.99996265E-02 1.10000000E-12 1.10000000E-12 1.10000000E-12
 1.1876146246633E+06 2.9922452103987E+01
E__22           9.99996350E-02 1.10000000E-12 1.10000000E-12 1.10000000E-12
 1.1876390579511E+06 2.9922654803769E+01
E__23           9.99996529E-02 1.10000000E-12 1.10000000E-12 1.10000000E-12
 1.1876969227056E+06 2.9922468222321E+01
E__24           9.99996924E-02 1.10000000E-12 1.10000000E-12 1.10000000E-12
 1.1878328913823E+06 2.9921119455191E+01
E__25           9.99997832E-02 1.10000000E-12 1.10000000E-12 1.10000000E-12
 1.1881491665728E+06 2.9917667616448E+01
E__26           1.00000000E-01 1.10000000E-12 1.10000000E-12 1.10000000E-12
 1.1888750000000E+06 2.9912500000000E+01
E__27           1.00001307E-01 1.10000000E-12 1.10000000E-12 1.10000000E-12
 9.9186195628264E+05 2.9863682947139E+01
E__28           1.00001307E-01 1.10000000E-12 1.10000000E-12 1.10000000E-12
 9.9185746231034E+05 2.9863921953824E+01
E__29           1.00001304E-01 1.10000000E-12 1.10000000E-12 1.10000000E-12
 9.9184483894673E+05 2.9864542080987E+01
E__30           1.00001299E-01 1.10000000E-12 1.10000000E-12 1.10000000E-12
 9.9181392381754E+05 2.9865882740309E+01
E__31           1.00001283E-01 1.10000000E-12 1.10000000E-12 1.10000000E-12
 9.9174003056274E+05 2.9868553056930E+01
E__32           1.00001241E-01 1.10000000E-12 1.10000000E-12 1.10000000E-12
 9.9156486488226E+05 2.9873333169354E+01
E__33           1.00001130E-01 1.10000000E-12 1.10000000E-12 1.10000000E-12
 9.9115261214312E+05 2.9880203880138E+01
E__34           1.00000833E-01 1.10000000E-12 1.10000000E-12 1.10000000E-12
 9.9019118120278E+05 2.9883660017377E+01
E__35           1.00000000E-01 1.10000000E-12 1.10000000E-12 1.10000000E-12
 9.8797500000000E+05 2.9842500000000E+01
E__36           1.00000000E-01 1.10000000E-17 1.10000000E-17 1.10000000E-17
 9.1263750000000E+05 2.9816250000000E+01
E__37           1.00000000E-01 1.10000000E-17 1.10000000E-17 1.10000000E-17
 9.1263750000000E+05 2.9816250000000E+01
E__38           1.00000000E-01 1.10000000E-17 1.10000000E-17 1.10000000E-17
 9.1263750000000E+05 2.9816250000000E+01
E__39           1.00000000E-01 1.10000000E-17 1.10000000E-17 1.10000000E-17
 9.1263750000000E+05 2.9816250000000E+01
E__40           1.00000000E-01 1.10000000E-17 1.10000000E-17 1.10000000E-17
 9.1263750000000E+05 2.9816250000000E+01
E__41           1.00000000E-01 1.10000000E-17 1.10000000E-17 1.10000000E-17
 9.1263750000000E+05 2.9816250000000E+01
E__42           1.00000000E-01 1.10000000E-17 1.10000000E-17 1.10000000E-17
 9.1263750000000E+05 2.9816250000000E+01
E__43           1.00000000E-01 1.10000000E-17 1.10000000E-17 1.10000000E-17
 9.1263750000000E+05 2.9816250000000E+01
E__44           1.00000000E-01 1.10000000E-17 1.10000000E-17 1.10000000E-17
 9.1263750000000E+05 2.9816250000000E+01
F___0           2.00000000E-01 1.10000000E-17 1.10000000E-17 1.10000000E-17
 1.3947975000000E+06 2.9984250000000E+01
F___1           2.00000000E-01 1.10000000E-17 1.10000000E-17 1.10000000E-17
 1.3947975000000E+06 2.9984250000000E+01
F___2           2.00000000E-01 1.10000000E-17 1.10000000E-17 1.10000000E-17
 1.3947975000000E+06 2.9984250000000E+01
F___3           2.00000000E-01 1.10000000E-17 1.10000000E-17 1.10000000E-17
 1.3947975000000E+06 2.9984250000000E+01
F___4           2.00000000E-01 1.10000000E-17 1.10000000E-17 1.10000000E-17
 1.3947975000000E+06 2.9984250000000E+01
F___5           2.00000000E-01 1.10000000E-17 1.10000000E-17 1.10000000E-17
 1.3947975000000E+06 2.9984250000000E+01
F___6           2.00000000E-01 1.10000000E-17 1.10000000E-17 1.10000000E-17
 1.3947975000000E+06 2.9984250000000E+01
F___7           2.00000000E-01 1.10000000E-17 1.10000000E-17 1.10000000E-17
 1.3947975000000E+06 2.9984250000000E+01
F___8           2.00000000E-01 1.10000000E-17 1.10000000E-17 1.10000000E-17
 1.3947975000000E+06 2.9984250000000E+01
F___9           1.99996537E-01 1.10000000E-13 1.10000000E-13 1.10000000E-15
 1.3391412683486E+06 2.9968984228944E+01
F__10           1.99996539E-01 1.10000000E-13 1.10000000E-13 1.10000000E-15
 1.3391435823234E+06 2.9969002146377E+01
F__11           1.99996544E-01 1.10000000E-13 1.10000000E-13 1.10000000E-15
 1.3391503686984E+06 2.9969038918534E+01
F__12           1.99996555E-01 1.10000000E-13 1.10000000E-13 1.10000000E-15
 1.3391682520543E+06 2.9969091001485E+01
F__13           1.99996586E-01 1.10000000E-13 1.10000000E-13 1.10000000E-15
 1.3392159353774E+06 2.9969134330949E+01
F__14           1.99996670E-01 1.10000000E-13 1.10000000E-13 1.10000000E-15
 1.3393477999939E+06 2.9969089367813E+01
F__15           1.99996913E-01 1.10000000E-13 1.10000000E-13 1.10000000E-15
 1.3397294832420E+06 2.9968777045836E+01
F__16           1.99997650E-01 1.10000000E-13 1.10000000E-13 1.10000000E-15
 1.3408888551154E+06 2.9967972176486E+01
F__17           2.00000000E-01 1.10000000E-13 1.10000000E-13 1.10000000E-15
 1.3445725000000E+06 2.9966750000000E+01
F__18           9.99996315E-02 1.10000000E-12 1.10000000E-12 1.10000000E-12
 1.1876373744970E+06 2.9921690466512E+01
F__19           9.99996322E-02 1.10000000E-12 1.10000000E-12 1.10000000E-12
 1.1876387559715E+06 2.9921764348842E+01
F__20           9.99996339E-02 1.10000000E-12 1.10000000E-12 1.10000000E-12
 1.1876426444005E+06 2.9921916780214E+01
F__21           9.99996376E-02 1.10000000E-12 1.10000000E-12 1.10000000E-12
 1.1876521979017E+06 2.9922135483472E+01
F__22           9.99996455E-02 1.10000000E-12 1.10000000E-12 1.10000000E-12
 1.1876751349262E+06 2.9922326341357E+01
F__23           9.99996626E-02 1.10000000E-12 1.10000000E-12 1.10000000E-12
 1.1877298347379E+06 2.9922168714213E+01
F__24           9.99997003E-02 1.10000000E-12 1.10000000E-12 1.10000000E-12
 1.1878595678231E+06 2.9920922864794E+01
F__25           9.99997881E-02 1.10000000E-12 1.10000000E-12 1.10000000E-12
 1.1881648974778E+06 2.9917610490687E+01
F__26           1.00000000E-01 1.10000000E-12 1.10000000E-12 1.10000000E-12
 1.1888750000000E+06 2.9912500000000E+01
F__27           1.00001279E-01 1.10000000E-12 1.10000000E-12 1.10000000E-12
 9.9174494804186E+05 2.9866819158072E+01
F__28           1.00001279E-01 1.10000000E-12 1.10000000E-12 1.10000000E-12
 9.9174077250768E+05 2.9867034284936E+01
F__29           1.00001277E-01 1.10000000E-12 1.10000000E-12 1.10000000E-12
 9.9172901991277E+05 2.9867592621329E+01
F__30           1.00001271E-01 1.10000000E-12 1.10000000E-12 1.10000000E-12
 9.9170014008729E+05 2.9868801275990E+01
F__31           1.00001256E-01 1.10000000E-12 1.10000000E-12 1.10000000E-12
 9.9163076813552E+05 2.9871215773341E+01
F__32           1.00001216E-01 1.10000000E-12 1.10000000E-12 1.10000000E-12
 9.9146517295997E+05 2.9875556602540E+01
F__33           1.00001109E-01 1.10000000E-12 1.10000000E-12 1.10000000E-12
 9.9107179135290E+05 2.9881795548715E+01
F__34           1.00000820E-01 1.10000000E-12 1.10000000E-12 1.10000000E-12
 9.9014351097662E+05 2.9884515028669E+01
F__35           1.00000000E-01 1.10000000E-12 1.10000000E-12 1.10000000E-12
 9.8797500000000E+05 2.9842500000000E+01
F__36           1.00000000E-01 1.10000000E-17 1.10000000E-17 1.10000000E-17
 9.1263750000000E+05 2.9816250000000E+01
F__37           1.00000000E-01 1.10000000E-17 1.10000000E-17 1.10000000E-17
 9.1263750000000E+05 2.9816250000000E+01
F__38           1.00000000E-01 1.10000000E-17 1.10000000E-17 1.10000000E-17
 9.1263750000000E+05 2.9816250000000E+01
F__39           1.00000000E-01 1.10000000E-17 1.10000000E-17 1.10000000E-17
 9.1263750000000E+05 2.9816250000000E+01
F__40           1.00000000E-01 1.10000000E-17 1.10000000E-17 1.10000000E-17
 9.1263750000000E+05 2.9816250000000E+01
F__41           1.00000000E-01 1.10000000E-17 1.10000000E-17 1.10000000E-17
 9.1263750000000E+05 2.9816250000000E+01
F__42           1.00000000E-01 1.10000000E-17 1.10000000E-17 1.10000000E-17
 9.1263750000000E+05 2.9816250000000E+01
F__43           1.00000000E-01 1.10000000E-17 1.10000000E-17 1.10000000E-17
 9.1263750000000E+05 2.9816250000000E+01
F__44           1.00000000E-01 1.10000000E-17 1.10000000E-17 1.10000000E-17
 9.1263750000000E+05 2.9816250000000E+01
G___0           2.00000000E-01 1.10000000E-17 1.10000000E-17 1.10000000E-17
 1.3947975000000E+06 2.9984250000000E+01
G___1           2.00000000E-01 1.10000000E-17 1.10000000E-17 1.10000000E-17
 1.3947975000000E+06 2.9984250000000E+01
G___2           2.00000000E-01 1.10000000E-17 1.10000000E-17 1.10000000E-17
 1.3947975000000E+06 2.9984250000000E+01
G___3           2.00000000E-01 1.10000000E-17 1.10000000E-17 1.10000000E-17
 1.3947975000000E+06 2.9984250000000E+01
G___4           2.00000000E-01 1.10000000E-17 1.10000000E-17 1.10000000E-17
 1.3947975000000E+06 2.9984250000000E+01
G___5           2.00000000E-01 1.10000000E-17 1.10000000E-17 1.10000000E-17
 1.3947975000000E+06 2.9984250000000E+01
G___6           2.00000000E-01 1.10000000E-17 1.10000000E-17 1.10000000E-17
 1.3947975000000E+06 2.9984250000000E+01
G___7           2.00000000E-01 1.10000000E-17 1.10000000E-17 1.10000000E-17
 1.3947975000000E+06 2.9984250000000E+01
G___8           2.00000000E-01 1.10000000E-17 1.10000000E-17 1.10000000E-17
 1.3947975000000E+06 2.9984250000000E+01
G___9           1.99996796E-01 1.10000000E-13 1.10000000E-13 1.10000000E-15
 1.3395477790738E+06 2.9968664752149E+01
G__10           1.99996797E-01 1.10000000E-13 1.10000000E-13 1.10000000E-15
 1.3395495807676E+06 2.9968677190872E+01
G__11           1.99996800E-01 1.10000000E-13 1.10000000E-13 1.10000000E-15
 1.3395549040211E+06 2.9968703200197E+01
G__12           1.99996810E-01 1.10000000E-13 1.10000000E-13 1.10000000E-15
 1.3395691129846E+06 2.9968741584527E+01
G__13           1.99996835E-01 1.10000000E-13 1.10000000E-13 1.10000000E-15
 1.3396077449217E+06 2.9968777754285E+01
G__14           1.99996905E-01 1.10000000E-13 1.10000000E-13 1.10000000E-15
 1.3397175644135E+06 2.9968756133706E+01
G__15           1.99997114E-01 1.10000000E-13 1.10000000E-13 1.10000000E-15
 1.3400471542149E+06 2.9968532171273E+01
G__16           1.99997780E-01 1.10000000E-13 1.10000000E-13 1.10000000E-15
 1.3410927522154E+06 2.9967872624852E+01
G__17           2.00000000E-01 1.10000000E-13 1.10000000E-13 1.10000000E-15
 1.3445725000000E+06 2.9966750000000E+01
G__18           9.99996730E-02 1.10000000E-12 1.10000000E-12 1.10000000E-12
 1.1877789816508E+06 2.9920422216196E+01
G__19           9.99996735E-02 1.10000000E-12 1.10000000E-12 1.10000000E-12
 1.1877800537277E+06 2.9920473413258E+01
G__20           9.99996748E-02 1.10000000E-12 1.10000000E-12 1.10000000E-12
 1.1877830872043E+06 2.9920581059083E+01
G__21           9.99996777E-02 1.10000000E-12 1.10000000E-12 1.10000000E-12
 1.1877906069198E+06 2.9920742018609E+01
G__22           9.99996841E-02 1.10000000E-12 1.10000000E-12 1.10000000E-12
 1.1878089058010E+06 2.9920900414650E+01
G__23           9.99996981E-02 1.10000000E-12 1.10000000E-12 1.10000000E-12
 1.1878534089446E+06 2.9920834329849E+01
G__24           9.99997302E-02 1.10000000E-12 1.10000000E-12 1.10000000E-12
 1.1879619366034E+06 2.9919948977909E+01
G__25           9.99998069E-02 1.10000000E-12 1.10000000E-12 1.10000000E-12
 1.1882272600244E+06 2.9917232667237E+01
G__26           1.00000000E-01 1.10000000E-12 1.10000000E-12 1.10000000E-12
 1.1888750000000E+06 2.9912500000000E+01
G__27           1.00001166E-01 1.10000000E-12 1.10000000E-12 1.10000000E-12
 9.9131566107952E+05 2.9874763962581E+01
G__28           1.00001165E-01 1.10000000E-12 1.10000000E-12 1.10000000E-12
 9.9131241999066E+05 2.9874921156451E+01
G__29           1.00001164E-01 1.10000000E-12 1.10000000E-12 1.10000000E-12
 9.9130324983830E+05 2.9875329143623E+01
G__30           1.00001159E-01 1.10000000E-12 1.10000000E-12 1.10000000E-12
 9.9128051499682E+05 2.9876214076481E+01
G__31           1.00001147E-01 1.10000000E-12 1.10000000E-12 1.10000000E-12
 9.9122516419409E+05 2.9877991433518E+01
G__32           1.00001113E-01 1.10000000E-12 1.10000000E-12 1.10000000E-12
 9.9109041689653E+05 2.9881210915379E+01
G__33           1.00001021E-01 1.10000000E-12 1.10000000E-12 1.10000000E-12
 9.9076125007870E+05 2.9885789169956E+01
G__34           1.00000766E-01 1.10000000E-12 1.10000000E-12 1.10000000E-12
 9.8995425176901E+05 2.9886558751425E+01
G__35           1.00000000E-01 1.10000000E-12 1.10000000E-12 1.10000000E-12
 9.8797500000000E+05 2.9842500000000E+01
G__36           1.00000000E-01 1.10000000E-17 1.10000000E-17 1.10000000E-17
 9.1263750000000E+05 2.9816250000000E+01
G__37           1.00000000E-01 1.10000000E-17 1.10000000E-17 1.10000000E-17
 9.1263750000000E+05 2.9816250000000E+01
G__38           1.00000000E-01 1.10000000E-17 1.10000000E-17 1.10000000E-17
 9.1263750000000E+05 2.9816250000000E+01
G__39           1.00000000E-01 1.10000000E-17 1.10000000E-17 1.10000000E-17
 9.1263750000000E+05 2.9816250000000E+01
G__40           1.00000000E-01 1.10000000E-17 1.10000000E-17 1.10000000E-17
 9.1263750000000E+05 2.9816250000000E+01
G__41           1.00000000E-01 1.10000000E-17 1.10000000E-17 1.10000000E-17
 9.1263750000000E+05 2.9816250000000E+01
G__42           1.00000000E-01 1.10000000E-17 1.10000000E-17 1.10000000E-17
 9.1263750000000E+05 2.9816250000000E+01
G__43           1.00000000E-01 1.10000000E-17 1.10000000E-17 1.10000000E-17
 9.1263750000000E+05 2.9816250000000E+01
G__44           1.00000000E-01 1.10000000E-17 1.10000000E-17 1.10000000E-17
 9.1263750000000E+05 2.9816250000000E+01
H___0           2.00000000E-01 1.10000000E-17 1.10000000E-17 1.10000000E-17
 1.3947975000000E+06 2.9984250000000E+01
H___1           2.00000000E-01 1.10000000E-17 1.10000000E-17 1.10000000E-17
 1.3947975000000E+06 2.9984250000000E+01
H___2           2.00000000E-01 1.10000000E-17 1.10000000E-17 1.10000000E-17
 1.3947975000000E+06 2.9984250000000E+01
H___3           2.00000000E-01 1.10000000E-17 1.10000000E-17 1.10000000E-17
 1.3947975000000E+06 2.9984250000000E+01
H___4           2.00000000E-01 1.10000000E-17 1.10000000E-17 1.10000000E-17
 1.3947975000000E+06 2.9984250000000E+01
H___5           2.00000000E-01 1.10000000E-17 1.10000000E-17 1.10000000E-17
 1.3947975000000E+06 2.9984250000000E+01
H___6           2.00000000E-01 1.10000000E-17 1.10000000E-17 1.10000000E-17
 1.3947975000000E+06 2.9984250000000E+01
H___7           2.00000000E-01 1.10000000E-17 1.10000000E-17 1.10000000E-17
 1.3947975000000E+06 2.9984250000000E+01
H___8           2.00000000E-01 1.10000000E-17 1.10000000E-17 1.10000000E-17
 1.3947975000000E+06 2.9984250000000E+01
H___9           1.99997579E-01 1.10000000E-13 1.10000000E-13 1.10000000E-15
 1.3407791178254E+06 2.9967895564729E+01
H__10           1.99997580E-01 1.10000000E-13 1.10000000E-13 1.10000000E-15
 1.3407801109020E+06 2.9967901085402E+01
H__11           1.99997582E-01 1.10000000E-13 1.10000000E-13 1.10000000E-15
 1.3407830705312E+06 2.9967912976182E+01
H__12           1.99997587E-01 1.10000000E-13 1.10000000E-13 1.10000000E-15
 1.3407910957977E+06 2.9967931730003E+01
H__13           1.99997601E-01 1.10000000E-13 1.10000000E-13 1.10000000E-15
 1.3408134833672E+06 2.9967953170528E+01
H__14           1.99997644E-01 1.10000000E-13 1.10000000E-13 1.10000000E-15
 1.3408797294803E+06 2.9967955681653E+01
H__15           1.99997778E-01 1.10000000E-13 1.10000000E-13 1.10000000E-15
 1.3410908847915E+06 2.9967868463054E+01
H__16           1.99998244E-01 1.10000000E-13 1.10000000E-13 1.10000000E-15
 1.3418217648079E+06 2.9967524121878E+01
H__17           2.00000000E-01 1.10000000E-13 1.10000000E-13 1.10000000E-15
 1.3445725000000E+06 2.9966750000000E+01
H__18           9.99997719E-02 1.10000000E-12 1.10000000E-12 1.10000000E-12
 1.1881173475725E+06 2.9917269990144E+01
H__19           9.99997721E-02 1.10000000E-12 1.10000000E-12 1.10000000E-12
 1.1881179362435E+06 2.9917292659425E+01
H__20           9.99997728E-02 1.10000000E-12 1.10000000E-12 1.10000000E-12
 1.1881196118445E+06 2.9917341820751E+01
H__21           9.99997744E-02 1.10000000E-12 1.10000000E-12 1.10000000E-12
 1.1881238093251E+06 2.9917420558454E+01
H__22           9.99997780E-02 1.10000000E-12 1.10000000E-12 1.10000000E-12
 1.1881341975392E+06 2.9917514492628E+01
H__23           9.99997864E-02 1.10000000E-12 1.10000000E-12 1.10000000E-12
 1.1881601507789E+06 2.9917540804587E+01
H__24           9.99998065E-02 1.10000000E-12 1.10000000E-12 1.10000000E-12
 1.1882262427328E+06 2.9917215253520E+01
H__25           9.99998578E-02 1.10000000E-12 1.10000000E-12 1.10000000E-12
 1.1883996305457E+06 2.9915818884498E+01
H__26           1.00000000E-01 1.10000000E-12 1.10000000E-12 1.10000000E-12
 1.1888750000000E+06 2.9912500000000E+01
H__27           1.00000854E-01 1.10000000E-12 1.10000000E-12 1.10000000E-12
 9.9028742598196E+05 2.9880545255179E+01
H__28           1.00000854E-01 1.10000000E-12 1.10000000E-12 1.10000000E-12
 9.9028564594670E+05 2.9880630972525E+01
H__29           1.00000853E-01 1.10000000E-12 1.10000000E-12 1.10000000E-12
 9.9028057985558E+05 2.9880853277466E+01
H__30           1.00000850E-01 1.10000000E-12 1.10000000E-12 1.10000000E-12
 9.9026788800515E+05 2.9881335729355E+01
H__31           1.00000843E-01 1.10000000E-12 1.10000000E-12 1.10000000E-12
 9.9023646236171E+05 2.9882307623094E+01
H__32           1.00000823E-01 1.10000000E-12 1.10000000E-12 1.10000000E-12
 9.9015786663054E+05 2.9884071207671E+01
H__33           1.00000766E-01 1.10000000E-12 1.10000000E-12 1.10000000E-12
 9.8995732859882E+05 2.9886468785196E+01
H__34           1.00000593E-01 1.10000000E-12 1.10000000E-12 1.10000000E-12
 9.8942952990062E+05 2.9885167837784E+01
H__35           1.00000000E-01 1.10000000E-12 1.10000000E-12 1.10000000E-12
 9.8797500000000E+05 2.9842500000000E+01
H__36           1.00000000E-01 1.10000000E-17 1.10000000E-17 1.10000000E-17
 9.1263750000000E+05 2.9816250000000E+01
H__37           1.00000000E-01 1.10000000E-17 1.10000000E-17 1.10000000E-17
 9.1263750000000E+05 2.9816250000000E+01
H__38           1.00000000E-01 1.10000000E-17 1.10000000E-17 1.10000000E-17
 9.1263750000000E+05 2.9816250000000E+01
H__39           1.00000000E-01 1.10000000E-17 1.10000000E-17 1.10000000E-17
 9.1263750000000E+05 2.9816250000000E+01
H__40           1.00000000E-01 1.10000000E-17 1.10000000E-17 1.10000000E-17
 9.1263750000000E+05 2.9816250000000E+01
H__41           1.00000000E-01 1.10000000E-17 1.10000000E-17 1.10000000E-17
 9.1263750000000E+05 2.9816250000000E+01
H__42           1.00000000E-01 1.10000000E-17 1.10000000E-17 1.10000000E-17
 9.1263750000000E+05 2.9816250000000E+01
H__43           1.00000000E-01 1.10000000E-17 1.10000000E-17 1.10000000E-17
 9.1263750000000E+05 2.9816250000000E+01
H__44           1.00000000E-01 1.10000000E-17 1.10000000E-17 1.10000000E-17
 9.1263750000000E+05 2.9816250000000E+01
I___0           2.00000000E-01 1.10000000E-17 1.10000000E-17 1.10000000E-17
 1.3947975000000E+06 2.9984250000000E+01
I___1           2.00000000E-01 1.10000000E-17 1.10000000E-17 1.10000000E-17
 1.3947975000000E+06 2.9984250000000E+01
I___2           2.00000000E-01 1.10000000E-17 1.10000000E-17 1.10000000E-17
 1.3947975000000E+06 2.9984250000000E+01
I___3           2.00000000E-01 1.10000000E-17 1.10000000E-17 1.10000000E-17
 1.3947975000000E+06 2.9984250000000E+01
I___4           2.00000000E-01 1.10000000E-17 1.10000000E-17 1.10000000E-17
 1.3947975000000E+06 2.9984250000000E+01
I___5           2.00000000E-01 1.10000000E-17 1.10000000E-17 1.10000000E-17
 1.3947975000000E+06 2.9984250000000E+01
I___6           2.00000000E-01 1.10000000E-17 1.10000000E-17 1.10000000E-17
 1.3947975000000E+06 2.9984250000000E+01
I___7           2.00000000E-01 1.10000000E-17 1.10000000E-17 1.10000000E-17
 1.3947975000000E+06 2.9984250000000E+01
I___8           2.00000000E-01 1.10000000E-17 1.10000000E-17 1.10000000E-17
 1.3947975000000E+06 2.9984250000000E+01
I___9           2.00000000E-01 1.10000000E-13 1.10000000E-13 1.10000000E-15
 1.3445725000000E+06 2.9966750000000E+01
I__10           2.00000000E-01 1.10000000E-13 1.10000000E-13 1.10000000E-15
 1.3445725000000E+06 2.9966750000000E+01
I__11           2.00000000E-01 1.10000000E-13 1.10000000E-13 1.10000000E-15
 1.3445725000000E+06 2.9966750000000E+01
I__12           2.00000000E-01 1.10000000E-13 1.10000000E-13 1.10000000E-15
 1.3445725000000E+06 2.9966750000000E+01
I__13           2.00000000E-01 1.10000000E-13 1.10000000E-13 1.10000000E-15
 1.3445725000000E+06 2.9966750000000E+01
I__14           2.00000000E-01 1.10000000E-13 1.10000000E-13 1.10000000E-15
 1.3445725000000E+06 2.9966750000000E+01
I__15           2.00000000E-01 1.10000000E-13 1.10000000E-13 1.10000000E-15
 1.3445725000000E+06 2.9966750000000E+01
I__16           2.00000000E-01 1.10000000E-13 1.10000000E-13 1.10000000E-15
 1.3445725000000E+06 2.9966750000000E+01
I__17           2.00000000E-01 1.10000000E-13 1.10000000E-13 1.10000000E-15
 1.3445725000000E+06 2.9966750000000E+01
I__18           1.00000000E-01 1.10000000E-12 1.10000000E-12 1.10000000E-12
 1.1888750000000E+06 2.9912500000000E+01
I__19           1.00000000E-01 1.10000000E-12 1.10000000E-12 1.10000000E-12
 1.1888750000000E+06 2.9912500000000E+01
I__20           1.00000000E-01 1.10000000E-12 1.10000000E-12 1.10000000E-12
 1.1888750000000E+06 2.9912500000000E+01
I__21           1.00000000E-01 1.10000000E-12 1.10000000E-12 1.10000000E-12
 1.1888750000000E+06 2.9912500000000E+01
I__22           1.00000000E-01 1.10000000E-12 1.10000000E-12 1.10000000E-12
 1.1888750000000E+06 2.9912500000000E+01
I__23           1.00000000E-01 1.10000000E-12 1.10000000E-12 1.10000000E-12
 1.1888750000000E+06 2.9912500000000E+01
I__24           1.00000000E-01 1.10000000E-12 1.10000000E-12 1.10000000E-12
 1.1888750000000E+06 2.9912500000000E+01
I__25           1.00000000E-01 1.10000000E-12 1.10000000E-12 1.10000000E-12
 1.1888750000000E+06 2.9912500000000E+01
I__26           1.00000000E-01 1.10000000E-12 1.10000000E-12 1.10000000E-12
 1.1888750000000E+06 2.9912500000000E+01
I__27           1.00000000E-01 1.10000000E-12 1.10000000E-12 1.10000000E-12
 9.8797500000000E+05 2.9842500000000E+01
I__28           1.00000000E-01 1.10000000E-12 1.10000000E-12 1.10000000E-12
 9.8797500000000E+05 2.9842500000000E+01
I__29           1.00000000E-01 1.10000000E-12 1.10000000E-12 1.10000000E-12
 9.8797500000000E+05 2.9842500000000E+01
I__30           1.00000000E-01 1.10000000E-12 1.10000000E-12 1.10000000E-12
 9.8797500000000E+05 2.9842500000000E+01
I__31           1.00000000E-01 1.10000000E-12 1.10000000E-12 1.10000000E-12
 9.8797500000000E+05 2.9842500000000E+01
I__32           1.00000000E-01 1.10000000E-12 1.10000000E-12 1.10000000E-12
 9.8797500000000E+05 2.9842500000000E+01
I__33           1.00000000E-01 1.10000000E-12 1.10000000E-12 1.10000000E-12
 9.8797500000000E+05 2.9842500000000E+01
I__34           1.00000000E-01 1.10000000E-12 1.10000000E-12 1.10000000E-12
 9.8797500000000E+05 2.9842500000000E+01
I__35           1.00000000E-01 1.10000000E-12 1.10000000E-12 1.10000000E-12
 9.8797500000000E+05 2.9842500000000E+01
I__36           1.00000000E-01 1.10000000E-17 1.10000000E-17 1.10000000E-17
 9.1263750000000E+05 2.9816250000000E+01
I__37           1.00000000E-01 1.10000000E-17 1.10000000E-17 1.10000000E-17
 9.1263750000000E+05 2.9816250000000E+01
I__38           1.00000000E-01 1.10000000E-17 1.10000000E-17 1.10000000E-17
 9.1263750000000E+05 2.9816250000000E+01
I__39           1.00000000E-01 1.10000000E-17 1.10000000E-17 1.10000000E-17
 9.1263750000000E+05 2.9816250000000E+01
I__40           1.00000000E-01 1.10000000E-17 1.10000000E-17 1.10000000E-17
 9.1263750000000E+05 2.9816250000000E+01
I__41           1.00000000E-01 1.10000000E-17 1.10000000E-17 1.10000000E-17
 9.1263750000000E+05 2.9816250000000E+01
I__42           1.00000000E-01 1.10000000E-17 1.10000000E-17 1.10000000E-17
 9.1263750000000E+05 2.9816250000000E+01
I__43           1.00000000E-01 1.10000000E-17 1.10000000E-17 1.10000000E-17
 9.1263750000000E+05 2.9816250000000E+01
I__44           1.00000000E-01 1.10000000E-17 1.10000000E-17 1.10000000E-17
 9.1263750000000E+05 2.9816250000000E+01
+++  
   131   262  8 0.00000000E+00 0.10000000E+10
