INCON -- INITIAL CONDITIONS FOR  405 ELEMENTS AT TIME  0.100000E+10
A___0           2.00186315E-01 1.10000000E-17 1.10000000E-17 1.10000000E-17
 1.6453382756136E+06 3.4298055007111E+01
A___1           2.00186315E-01 1.10000000E-17 1.10000000E-17 1.10000000E-17
 1.6453382713830E+06 3.4298054436711E+01
A___2           2.00186315E-01 1.10000000E-17 1.10000000E-17 1.10000000E-17
 1.6453382744758E+06 3.4298054570077E+01
A___3           2.00186315E-01 1.10000000E-17 1.10000000E-17 1.10000000E-17
 1.6453382740631E+06 3.4298054296068E+01
A___4           2.00186315E-01 1.10000000E-17 1.10000000E-17 1.10000000E-17
 1.6453382754942E+06 3.4298054664130E+01
A___5           2.00186315E-01 1.10000000E-17 1.10000000E-17 1.10000000E-17
 1.6453382749398E+06 3.4298054577840E+01
A___6           2.00186315E-01 1.10000000E-17 1.10000000E-17 1.10000000E-17
 1.6453382726944E+06 3.4298054117225E+01
A___7           2.00186315E-01 1.10000000E-17 1.10000000E-17 1.10000000E-17
 1.6453382699064E+06 3.4298054333041E+01
A___8           2.00186315E-01 1.10000000E-17 1.10000000E-17 1.10000000E-17
 1.6453382684077E+06 3.4298055155017E+01
A___9           2.00185110E-01 1.10000000E-13 1.10000000E-13 1.10000000E-15
 1.5965610593907E+06 3.3925502176244E+01
A__10           2.00185110E-01 1.10000000E-13 1.10000000E-13 1.10000000E-15
 1.5965610593802E+06 3.3925502018988E+01
A__11           2.00185110E-01 1.10000000E-13 1.10000000E-13 1.10000000E-15
 1.5965610593710E+06 3.3925502067769E+01
A__12           2.00185110E-01 1.10000000E-13 1.10000000E-13 1.10000000E-15
 1.5965610593543E+06 3.3925501908917E+01
A__13           2.00185110E-01 1.10000000E-13 1.10000000E-13 1.10000000E-15
 1.5965610593385E+06 3.3925502219949E+01
A__14           2.00185110E-01 1.10000000E-13 1.10000000E-13 1.10000000E-15
 1.5965610593320E+06 3.3925502200703E+01
A__15           2.00185110E-01 1.10000000E-13 1.10000000E-13 1.10000000E-15
 1.5965610593316E+06 3.3925501877778E+01
A__16           2.00185110E-01 1.10000000E-13 1.10000000E-13 1.10000000E-15
 1.5965610593418E+06 3.3925501971449E+01
A__17           2.00185110E-01 1.10000000E-13 1.10000000E-13 1.10000000E-15
 1.5965610593386E+06 3.3925502511039E+01
A__18           1.00090775E-01 1.10000000E-12 1.10000000E-12 1.10000000E-12
 1.4453740837443E+06 3.2797257581463E+01
A__19           1.00090775E-01 1.10000000E-12 1.10000000E-12 1.10000000E-12
 1.4453740837432E+06 3.2797258075240E+01
A__20           1.00090775E-01 1.10000000E-12 1.10000000E-12 1.10000000E-12
 1.4453740837378E+06 3.2797257950455E+01
A__21           1.00090775E-01 1.10000000E-12 1.10000000E-12 1.10000000E-12
 1.4453740837257E+06 3.2797258447056E+01
A__22           1.00090775E-01 1.10000000E-12 1.10000000E-12 1.10000000E-12
 1.4453740837173E+06 3.2797258613199E+01
A__23           1.00090775E-01 1.10000000E-12 1.10000000E-12 1.10000000E-12
 1.4453740837120E+06 3.2797258642950E+01
A__24           1.00090775E-01 1.10000000E-12 1.10000000E-12 1.10000000E-12
 1.4453740837113E+06 3.2797258445747E+01
A__25           1.00090775E-01 1.10000000E-12 1.10000000E-12 1.10000000E-12
 1.4453740837119E+06 3.2797257985399E+01
A__26           1.00090775E-01 1.10000000E-12 1.10000000E-12 1.10000000E-12
 1.4453740837133E+06 3.2797257837207E+01
A__27           1.00091382E-01 1.10000000E-12 1.10000000E-12 1.10000000E-12
 1.2502566339312E+06 3.2312734527829E+01
A__28           1.00091382E-01 1.10000000E-12 1.10000000E-12 1.10000000E-12
 1.2502566339299E+06 3.2312734736753E+01
A__29           1.00091382E-01 1.10000000E-12 1.10000000E-12 1.10000000E-12
 1.2502566339223E+06 3.2312734548284E+01
A__30           1.00091382E-01 1.10000000E-12 1.10000000E-12 1.10000000E-12
 1.2502566339143E+06 3.2312734135640E+01
A__31           1.00091382E-01 1.10000000E-12 1.10000000E-12 1.10000000E-12
 1.2502566339120E+06 3.2312734699366E+01
A__32           1.00091382E-01 1.10000000E-12 1.10000000E-12 1.10000000E-12
 1.2502566339111E+06 3.2312734807084E+01
A__33           1.00091382E-01 1.10000000E-12 1.10000000E-12 1.10000000E-12
 1.2502566339099E+06 3.2312734624136E+01
A__34           1.00091382E-01 1.10000000E-12 1.10000000E-12 1.10000000E-12
 1.2502566339147E+06 3.2312734808499E+01
A__35           1.00091382E-01 1.10000000E-12 1.10000000E-12 1.10000000E-12
 1.2502566339188E+06 3.2312735117559E+01
A__36           1.00091972E-01 1.10000000E-17 1.10000000E-17 1.10000000E-17
 1.1770831185759E+06 3.2252181214131E+01
A__37           1.00091972E-01 1.10000000E-17 1.10000000E-17 1.10000000E-17
 1.1770831189809E+06 3.2252181286573E+01
A__38           1.00091972E-01 1.10000000E-17 1.10000000E-17 1.10000000E-17
 1.1770831194234E+06 3.2252181367514E+01
A__39           1.00091972E-01 1.10000000E-17 1.10000000E-17 1.10000000E-17
 1.1770831193251E+06 3.2252181145177E+01
A__40           1.00091972E-01 1.10000000E-17 1.10000000E-17 1.10000000E-17
 1.1770831191686E+06 3.2252181286701E+01
A__41           1.00091972E-01 1.10000000E-17 1.10000000E-17 1.10000000E-17
 1.1770831191754E+06 3.2252181370678E+01
A__42           1.00091972E-01 1.10000000E-17 1.10000000E-17 1.10000000E-17
 1.1770831193046E+06 3.2252181525403E+01
A__43           1.00091972E-01 1.10000000E-17 1.10000000E-17 1.10000000E-17
 1.1770831188015E+06 3.2252181488427E+01
A__44           1.00091972E-01 1.10000000E-17 1.10000000E-17 1.10000000E-17
 1.1770831194580E+06 3.2252181646515E+01
B___0           2.00186315E-01 1.10000000E-17 1.10000000E-17 1.10000000E-17
 1.6453382719963E+06 3.4298054651742E+01
B___1           2.00186315E-01 1.10000000E-17 1.10000000E-17 1.10000000E-17
 1.6453382740470E+06 3.4298054642953E+01
B___2           2.00186315E-01 1.10000000E-17 1.10000000E-17 1.10000000E-17
 1.6453382753228E+06 3.4298054815576E+01
B___3           2.00186315E-01 1.10000000E-17 1.10000000E-17 1.10000000E-17
 1.6453382755807E+06 3.4298054547902E+01
B___4           2.00186315E-01 1.10000000E-17 1.10000000E-17 1.10000000E-17
 1.6453382741067E+06 3.4298054651538E+01
B___5           2.00186315E-01 1.10000000E-17 1.10000000E-17 1.10000000E-17
 1.6453382715106E+06 3.4298054699043E+01
B___6           2.00186315E-01 1.10000000E-17 1.10000000E-17 1.10000000E-17
 1.6453382761399E+06 3.4298055034749E+01
B___7           2.00186315E-01 1.10000000E-17 1.10000000E-17 1.10000000E-17
 1.6453382720024E+06 3.4298054192026E+01
B___8           2.00186315E-01 1.10000000E-17 1.10000000E-17 1.10000000E-17
 1.6453382688475E+06 3.4298054558944E+01
B___9           2.00185110E-01 1.10000000E-13 1.10000000E-13 1.10000000E-15
 1.5965610593866E+06 3.3925502108329E+01
B__10           2.00185110E-01 1.10000000E-13 1.10000000E-13 1.10000000E-15
 1.5965610593764E+06 3.3925502155037E+01
B__11           2.00185110E-01 1.10000000E-13 1.10000000E-13 1.10000000E-15
 1.5965610593662E+06 3.3925502241543E+01
B__12           2.00185110E-01 1.10000000E-13 1.10000000E-13 1.10000000E-15
 1.5965610593510E+06 3.3925502131564E+01
B__13           2.00185110E-01 1.10000000E-13 1.10000000E-13 1.10000000E-15
 1.5965610593339E+06 3.3925502325819E+01
B__14           2.00185110E-01 1.10000000E-13 1.10000000E-13 1.10000000E-15
 1.5965610593268E+06 3.3925502436290E+01
B__15           2.00185110E-01 1.10000000E-13 1.10000000E-13 1.10000000E-15
 1.5965610593320E+06 3.3925502467916E+01
B__16           2.00185110E-01 1.10000000E-13 1.10000000E-13 1.10000000E-15
 1.5965610593398E+06 3.3925501904877E+01
B__17           2.00185110E-01 1.10000000E-13 1.10000000E-13 1.10000000E-15
 1.5965610593380E+06 3.3925502342910E+01
B__18           1.00090775E-01 1.10000000E-12 1.10000000E-12 1.10000000E-12
 1.4453740837434E+06 3.2797257819412E+01
B__19           1.00090775E-01 1.10000000E-12 1.10000000E-12 1.10000000E-12
 1.4453740837372E+06 3.2797257994927E+01
B__20           1.00090775E-01 1.10000000E-12 1.10000000E-12 1.10000000E-12
 1.4453740837307E+06 3.2797258048051E+01
B__21           1.00090775E-01 1.10000000E-12 1.10000000E-12 1.10000000E-12
 1.4453740837185E+06 3.2797258270870E+01
B__22           1.00090775E-01 1.10000000E-12 1.10000000E-12 1.10000000E-12
 1.4453740837118E+06 3.2797258608997E+01
B__23           1.00090775E-01 1.10000000E-12 1.10000000E-12 1.10000000E-12
 1.4453740837114E+06 3.2797258821283E+01
B__24           1.00090775E-01 1.10000000E-12 1.10000000E-12 1.10000000E-12
 1.4453740837151E+06 3.2797258561492E+01
B__25           1.00090775E-01 1.10000000E-12 1.10000000E-12 1.10000000E-12
 1.4453740837185E+06 3.2797258471583E+01
B__26           1.00090775E-01 1.10000000E-12 1.10000000E-12 1.10000000E-12
 1.4453740837198E+06 3.2797258346466E+01
B__27           1.00091382E-01 1.10000000E-12 1.10000000E-12 1.10000000E-12
 1.2502566339290E+06 3.2312734909096E+01
B__28           1.00091382E-01 1.10000000E-12 1.10000000E-12 1.10000000E-12
 1.2502566339216E+06 3.2312734702939E+01
B__29           1.00091382E-01 1.10000000E-12 1.10000000E-12 1.10000000E-12
 1.2502566339159E+06 3.2312734600899E+01
B__30           1.00091382E-01 1.10000000E-12 1.10000000E-12 1.10000000E-12
 1.2502566339115E+06 3.2312734477961E+01
B__31           1.00091382E-01 1.10000000E-12 1.10000000E-12 1.10000000E-12
 1.2502566339114E+06 3.2312734740100E+01
B__32           1.00091382E-01 1.10000000E-12 1.10000000E-12 1.10000000E-12
 1.2502566339124E+06 3.2312734515614E+01
B__33           1.00091382E-01 1.10000000E-12 1.10000000E-12 1.10000000E-12
 1.2502566339148E+06 3.2312734581898E+01
B__34           1.00091382E-01 1.10000000E-12 1.10000000E-12 1.10000000E-12
 1.2502566339217E+06 3.2312734621191E+01
B__35           1.00091382E-01 1.10000000E-12 1.10000000E-12 1.10000000E-12
 1.2502566339244E+06 3.2312734576404E+01
B__36           1.00091972E-01 1.10000000E-17 1.10000000E-17 1.10000000E-17
 1.1770831186310E+06 3.2252181555579E+01
B__37           1.00091972E-01 1.10000000E-17 1.10000000E-17 1.10000000E-17
 1.1770831188742E+06 3.2252181203806E+01
B__38           1.00091972E-01 1.10000000E-17 1.10000000E-17 1.10000000E-17
 1.1770831188764E+06 3.2252181344427E+01
B__39           1.00091972E-01 1.10000000E-17 1.10000000E-17 1.10000000E-17
 1.1770831182968E+06 3.2252181109415E+01
B__40           1.00091972E-01 1.10000000E-17 1.10000000E-17 1.10000000E-17
 1.1770831185714E+06 3.2252181245457E+01
B__41           1.00091972E-01 1.10000000E-17 1.10000000E-17 1.10000000E-17
 1.1770831190743E+06 3.2252181197670E+01
B__42           1.00091972E-01 1.10000000E-17 1.10000000E-17 1.10000000E-17
 1.1770831188131E+06 3.2252181285675E+01
B__43           1.00091972E-01 1.10000000E-17 1.10000000E-17 1.10000000E-17
 1.1770831186953E+06 3.2252181186291E+01
B__44           1.00091972E-01 1.10000000E-17 1.10000000E-17 1.10000000E-17
 1.1770831189403E+06 3.2252181257827E+01
C___0           2.00186315E-01 1.10000000E-17 1.10000000E-17 1.10000000E-17
 1.6453382710136E+06 3.4298054663858E+01
C___1           2.00186315E-01 1.10000000E-17 1.10000000E-17 1.10000000E-17
 1.6453382722566E+06 3.4298054296666E+01
C___2           2.00186315E-01 1.10000000E-17 1.10000000E-17 1.10000000E-17
 1.6453382757712E+06 3.4298054851894E+01
C___3           2.00186315E-01 1.10000000E-17 1.10000000E-17 1.10000000E-17
 1.6453382761984E+06 3.4298054907465E+01
C___4           2.00186315E-01 1.10000000E-17 1.10000000E-17 1.10000000E-17
 1.6453382734727E+06 3.4298054719804E+01
C___5           2.00186315E-01 1.10000000E-17 1.10000000E-17 1.10000000E-17
 1.6453382737356E+06 3.4298054810881E+01
C___6           2.00186315E-01 1.10000000E-17 1.10000000E-17 1.10000000E-17
 1.6453382732241E+06 3.4298054727614E+01
C___7           2.00186315E-01 1.10000000E-17 1.10000000E-17 1.10000000E-17
 1.6453382716996E+06 3.4298054420223E+01
C___8           2.00186315E-01 1.10000000E-17 1.10000000E-17 1.10000000E-17
 1.6453382744537E+06 3.4298054393678E+01
C___9           2.00185110E-01 1.10000000E-13 1.10000000E-13 1.10000000E-15
 1.5965610593769E+06 3.3925502011089E+01
C__10           2.00185110E-01 1.10000000E-13 1.10000000E-13 1.10000000E-15
 1.5965610593695E+06 3.3925501954868E+01
C__11           2.00185110E-01 1.10000000E-13 1.10000000E-13 1.10000000E-15
 1.5965610593605E+06 3.3925502335758E+01
C__12           2.00185110E-01 1.10000000E-13 1.10000000E-13 1.10000000E-15
 1.5965610593459E+06 3.3925502246372E+01
C__13           2.00185110E-01 1.10000000E-13 1.10000000E-13 1.10000000E-15
 1.5965610593369E+06 3.3925502313995E+01
C__14           2.00185110E-01 1.10000000E-13 1.10000000E-13 1.10000000E-15
 1.5965610593325E+06 3.3925502391873E+01
C__15           2.00185110E-01 1.10000000E-13 1.10000000E-13 1.10000000E-15
 1.5965610593348E+06 3.3925502450200E+01
C__16           2.00185110E-01 1.10000000E-13 1.10000000E-13 1.10000000E-15
 1.5965610593437E+06 3.3925502231131E+01
C__17           2.00185110E-01 1.10000000E-13 1.10000000E-13 1.10000000E-15
 1.5965610593501E+06 3.3925502072771E+01
C__18           1.00090775E-01 1.10000000E-12 1.10000000E-12 1.10000000E-12
 1.4453740837378E+06 3.2797257888387E+01
C__19           1.00090775E-01 1.10000000E-12 1.10000000E-12 1.10000000E-12
 1.4453740837305E+06 3.2797258146074E+01
C__20           1.00090775E-01 1.10000000E-12 1.10000000E-12 1.10000000E-12
 1.4453740837271E+06 3.2797258036264E+01
C__21           1.00090775E-01 1.10000000E-12 1.10000000E-12 1.10000000E-12
 1.4453740837193E+06 3.2797258295881E+01
C__22           1.00090775E-01 1.10000000E-12 1.10000000E-12 1.10000000E-12
 1.4453740837149E+06 3.2797258440443E+01
C__23           1.00090775E-01 1.10000000E-12 1.10000000E-12 1.10000000E-12
 1.4453740837162E+06 3.2797258635077E+01
C__24           1.00090775E-01 1.10000000E-12 1.10000000E-12 1.10000000E-12
 1.4453740837215E+06 3.2797258558543E+01
C__25           1.00090775E-01 1.10000000E-12 1.10000000E-12 1.10000000E-12
 1.4453740837273E+06 3.2797258759903E+01
C__26           1.00090775E-01 1.10000000E-12 1.10000000E-12 1.10000000E-12
 1.4453740837294E+06 3.2797258560955E+01
C__27           1.00091382E-01 1.10000000E-12 1.10000000E-12 1.10000000E-12
 1.2502566339218E+06 3.2312734644410E+01
C__28           1.00091382E-01 1.10000000E-12 1.10000000E-12 1.10000000E-12
 1.2502566339162E+06 3.2312734661748E+01
C__29           1.00091382E-01 1.10000000E-12 1.10000000E-12 1.10000000E-12
 1.2502566339129E+06 3.2312734749007E+01
C__30           1.00091382E-01 1.10000000E-12 1.10000000E-12 1.10000000E-12
 1.2502566339127E+06 3.2312734732665E+01
C__31           1.00091382E-01 1.10000000E-12 1.10000000E-12 1.10000000E-12
 1.2502566339165E+06 3.2312734698660E+01
C__32           1.00091382E-01 1.10000000E-12 1.10000000E-12 1.10000000E-12
 1.2502566339218E+06 3.2312734720715E+01
C__33           1.00091382E-01 1.10000000E-12 1.10000000E-12 1.10000000E-12
 1.2502566339274E+06 3.2312734553147E+01
C__34           1.00091382E-01 1.10000000E-12 1.10000000E-12 1.10000000E-12
 1.2502566339336E+06 3.2312734654016E+01
C__35           1.00091382E-01 1.10000000E-12 1.10000000E-12 1.10000000E-12
 1.2502566339352E+06 3.2312734621293E+01
C__36           1.00091972E-01 1.10000000E-17 1.10000000E-17 1.10000000E-17
 1.1770831188635E+06 3.2252181386582E+01
C__37           1.00091972E-01 1.10000000E-17 1.10000000E-17 1.10000000E-17
 1.1770831185761E+06 3.2252181352211E+01
C__38           1.00091972E-01 1.10000000E-17 1.10000000E-17 1.10000000E-17
 1.1770831188669E+06 3.2252181298763E+01
C__39           1.00091972E-01 1.10000000E-17 1.10000000E-17 1.10000000E-17
 1.1770831188300E+06 3.2252181218018E+01
C__40           1.00091972E-01 1.10000000E-17 1.10000000E-17 1.10000000E-17
 1.1770831187837E+06 3.2252181405298E+01
C__41           1.00091972E-01 1.10000000E-17 1.10000000E-17 1.10000000E-17
 1.1770831196014E+06 3.2252181600322E+01
C__42           1.00091972E-01 1.10000000E-17 1.10000000E-17 1.10000000E-17
 1.1770831188714E+06 3.2252181359584E+01
C__43           1.00091972E-01 1.10000000E-17 1.10000000E-17 1.10000000E-17
 1.1770831182051E+06 3.2252181339663E+01
C__44           1.00091972E-01 1.10000000E-17 1.10000000E-17 1.10000000E-17
 1.1770831186440E+06 3.2252181432628E+01
D___0           2.00186315E-01 1.10000000E-17 1.10000000E-17 1.10000000E-17
 1.6453382744727E+06 3.4298054058117E+01
D___1           2.00186315E-01 1.10000000E-17 1.10000000E-17 1.10000000E-17
 1.6453382736250E+06 3.4298053702453E+01
D___2           2.00186315E-01 1.10000000E-17 1.10000000E-17 1.10000000E-17
 1.6453382728935E+06 3.4298054229451E+01
D___3           2.00186315E-01 1.10000000E-17 1.10000000E-17 1.10000000E-17
 1.6453382734283E+06 3.4298054930822E+01
D___4           2.00186315E-01 1.10000000E-17 1.10000000E-17 1.10000000E-17
 1.6453382725638E+06 3.4298054794388E+01
D___5           2.00186315E-01 1.10000000E-17 1.10000000E-17 1.10000000E-17
 1.6453382767557E+06 3.4298054946642E+01
D___6           2.00186315E-01 1.10000000E-17 1.10000000E-17 1.10000000E-17
 1.6453382747893E+06 3.4298054667797E+01
D___7           2.00186315E-01 1.10000000E-17 1.10000000E-17 1.10000000E-17
 1.6453382738228E+06 3.4298054578015E+01
D___8           2.00186315E-01 1.10000000E-17 1.10000000E-17 1.10000000E-17
 1.6453382751036E+06 3.4298054331777E+01
D___9           2.00185110E-01 1.10000000E-13 1.10000000E-13 1.10000000E-15
 1.5965610593644E+06 3.3925501722399E+01
D__10           2.00185110E-01 1.10000000E-13 1.10000000E-13 1.10000000E-15
 1.5965610593586E+06 3.3925501555834E+01
D__11           2.00185110E-01 1.10000000E-13 1.10000000E-13 1.10000000E-15
 1.5965610593511E+06 3.3925501930053E+01
D__12           2.00185110E-01 1.10000000E-13 1.10000000E-13 1.10000000E-15
 1.5965610593401E+06 3.3925502445143E+01
D__13           2.00185110E-01 1.10000000E-13 1.10000000E-13 1.10000000E-15
 1.5965610593424E+06 3.3925502180803E+01
D__14           2.00185110E-01 1.10000000E-13 1.10000000E-13 1.10000000E-15
 1.5965610593429E+06 3.3925502439315E+01
D__15           2.00185110E-01 1.10000000E-13 1.10000000E-13 1.10000000E-15
 1.5965610593464E+06 3.3925502343301E+01
D__16           2.00185110E-01 1.10000000E-13 1.10000000E-13 1.10000000E-15
 1.5965610593542E+06 3.3925502249786E+01
D__17           2.00185110E-01 1.10000000E-13 1.10000000E-13 1.10000000E-15
 1.5965610593620E+06 3.3925502063712E+01
D__18           1.00090775E-01 1.10000000E-12 1.10000000E-12 1.10000000E-12
 1.4453740837269E+06 3.2797258294804E+01
D__19           1.00090775E-01 1.10000000E-12 1.10000000E-12 1.10000000E-12
 1.4453740837193E+06 3.2797258384390E+01
D__20           1.00090775E-01 1.10000000E-12 1.10000000E-12 1.10000000E-12
 1.4453740837202E+06 3.2797258360636E+01
D__21           1.00090775E-01 1.10000000E-12 1.10000000E-12 1.10000000E-12
 1.4453740837200E+06 3.2797258611937E+01
D__22           1.00090775E-01 1.10000000E-12 1.10000000E-12 1.10000000E-12
 1.4453740837220E+06 3.2797258385487E+01
D__23           1.00090775E-01 1.10000000E-12 1.10000000E-12 1.10000000E-12
 1.4453740837253E+06 3.2797258652807E+01
D__24           1.00090775E-01 1.10000000E-12 1.10000000E-12 1.10000000E-12
 1.4453740837304E+06 3.2797258818713E+01
D__25           1.00090775E-01 1.10000000E-12 1.10000000E-12 1.10000000E-12
 1.4453740837363E+06 3.2797258718443E+01
D__26           1.00090775E-01 1.10000000E-12 1.10000000E-12 1.10000000E-12
 1.4453740837387E+06 3.2797258512296E+01
D__27           1.00091382E-01 1.10000000E-12 1.10000000E-12 1.10000000E-12
 1.2502566339105E+06 3.2312734442327E+01
D__28           1.00091382E-01 1.10000000E-12 1.10000000E-12 1.10000000E-12
 1.2502566339089E+06 3.2312734579971E+01
D__29           1.00091382E-01 1.10000000E-12 1.10000000E-12 1.10000000E-12
 1.2502566339099E+06 3.2312734523410E+01
D__30           1.00091382E-01 1.10000000E-12 1.10000000E-12 1.10000000E-12
 1.2502566339169E+06 3.2312734595991E+01
D__31           1.00091382E-01 1.10000000E-12 1.10000000E-12 1.10000000E-12
 1.2502566339236E+06 3.2312734802029E+01
D__32           1.00091382E-01 1.10000000E-12 1.10000000E-12 1.10000000E-12
 1.2502566339340E+06 3.2312734734520E+01
D__33           1.00091382E-01 1.10000000E-12 1.10000000E-12 1.10000000E-12
 1.2502566339415E+06 3.2312734720606E+01
D__34           1.00091382E-01 1.10000000E-12 1.10000000E-12 1.10000000E-12
 1.2502566339446E+06 3.2312734705096E+01
D__35           1.00091382E-01 1.10000000E-12 1.10000000E-12 1.10000000E-12
 1.2502566339443E+06 3.2312734710624E+01
D__36           1.00091972E-01 1.10000000E-17 1.10000000E-17 1.10000000E-17
 1.1770831186704E+06 3.2252181248621E+01
D__37           1.00091972E-01 1.10000000E-17 1.10000000E-17 1.10000000E-17
 1.1770831187071E+06 3.2252181367112E+01
D__38           1.00091972E-01 1.10000000E-17 1.10000000E-17 1.10000000E-17
 1.1770831188329E+06 3.2252181341420E+01
D__39           1.00091972E-01 1.10000000E-17 1.10000000E-17 1.10000000E-17
 1.1770831189673E+06 3.2252181421992E+01
D__40           1.00091972E-01 1.10000000E-17 1.10000000E-17 1.10000000E-17
 1.1770831187676E+06 3.2252181334727E+01
D__41           1.00091972E-01 1.10000000E-17 1.10000000E-17 1.10000000E-17
 1.1770831194454E+06 3.2252181543719E+01
D__42           1.00091972E-01 1.10000000E-17 1.10000000E-17 1.10000000E-17
 1.1770831192577E+06 3.2252181497718E+01
D__43           1.00091972E-01 1.10000000E-17 1.10000000E-17 1.10000000E-17
 1.1770831195911E+06 3.2252181330154E+01
D__44           1.00091972E-01 1.10000000E-17 1.10000000E-17 1.10000000E-17
 1.1770831194113E+06 3.2252181457526E+01
E___0           2.00186315E-01 1.10000000E-17 1.10000000E-17 1.10000000E-17
 1.6453382751755E+06 3.4298054016652E+01
E___1           2.00186315E-01 1.10000000E-17 1.10000000E-17 1.10000000E-17
 1.6453382736400E+06 3.4298054400488E+01
E___2           2.00186315E-01 1.10000000E-17 1.10000000E-17 1.10000000E-17
 1.6453382736424E+06 3.4298054334035E+01
E___3           2.00186315E-01 1.10000000E-17 1.10000000E-17 1.10000000E-17
 1.6453382744805E+06 3.4298055022326E+01
E___4           2.00186315E-01 1.10000000E-17 1.10000000E-17 1.10000000E-17
 1.6453382705490E+06 3.4298054662421E+01
E___5           2.00186315E-01 1.10000000E-17 1.10000000E-17 1.10000000E-17
 1.6453382729467E+06 3.4298054435600E+01
E___6           2.00186315E-01 1.10000000E-17 1.10000000E-17 1.10000000E-17
 1.6453382722813E+06 3.4298054304375E+01
E___7           2.00186315E-01 1.10000000E-17 1.10000000E-17 1.10000000E-17
 1.6453382712457E+06 3.4298054451901E+01
E___8           2.00186315E-01 1.10000000E-17 1.10000000E-17 1.10000000E-17
 1.6453382729456E+06 3.4298054603498E+01
E___9           2.00185110E-01 1.10000000E-13 1.10000000E-13 1.10000000E-15
 1.5965610593582E+06 3.3925501785644E+01
E__10           2.00185110E-01 1.10000000E-13 1.10000000E-13 1.10000000E-15
 1.5965610593510E+06 3.3925501977693E+01
E__11           2.00185110E-01 1.10000000E-13 1.10000000E-13 1.10000000E-15
 1.5965610593508E+06 3.3925501932812E+01
E__12           2.00185110E-01 1.10000000E-13 1.10000000E-13 1.10000000E-15
 1.5965610593458E+06 3.3925502404708E+01
E__13           2.00185110E-01 1.10000000E-13 1.10000000E-13 1.10000000E-15
 1.5965610593467E+06 3.3925502281657E+01
E__14           2.00185110E-01 1.10000000E-13 1.10000000E-13 1.10000000E-15
 1.5965610593521E+06 3.3925502137697E+01
E__15           2.00185110E-01 1.10000000E-13 1.10000000E-13 1.10000000E-15
 1.5965610593566E+06 3.3925502069814E+01
E__16           2.00185110E-01 1.10000000E-13 1.10000000E-13 1.10000000E-15
 1.5965610593637E+06 3.3925502177600E+01
E__17           2.00185110E-01 1.10000000E-13 1.10000000E-13 1.10000000E-15
 1.5965610593663E+06 3.3925502278999E+01
E__18           1.00090775E-01 1.10000000E-12 1.10000000E-12 1.10000000E-12
 1.4453740837211E+06 3.2797258128001E+01
E__19           1.00090775E-01 1.10000000E-12 1.10000000E-12 1.10000000E-12
 1.4453740837152E+06 3.2797258056660E+01
E__20           1.00090775E-01 1.10000000E-12 1.10000000E-12 1.10000000E-12
 1.4453740837175E+06 3.2797257929163E+01
E__21           1.00090775E-01 1.10000000E-12 1.10000000E-12 1.10000000E-12
 1.4453740837230E+06 3.2797258271303E+01
E__22           1.00090775E-01 1.10000000E-12 1.10000000E-12 1.10000000E-12
 1.4453740837302E+06 3.2797258458077E+01
E__23           1.00090775E-01 1.10000000E-12 1.10000000E-12 1.10000000E-12
 1.4453740837355E+06 3.2797258596180E+01
E__24           1.00090775E-01 1.10000000E-12 1.10000000E-12 1.10000000E-12
 1.4453740837403E+06 3.2797258866023E+01
E__25           1.00090775E-01 1.10000000E-12 1.10000000E-12 1.10000000E-12
 1.4453740837444E+06 3.2797258405399E+01
E__26           1.00090775E-01 1.10000000E-12 1.10000000E-12 1.10000000E-12
 1.4453740837456E+06 3.2797258258064E+01
E__27           1.00091382E-01 1.10000000E-12 1.10000000E-12 1.10000000E-12
 1.2502566339000E+06 3.2312734340172E+01
E__28           1.00091382E-01 1.10000000E-12 1.10000000E-12 1.10000000E-12
 1.2502566339010E+06 3.2312734215410E+01
E__29           1.00091382E-01 1.10000000E-12 1.10000000E-12 1.10000000E-12
 1.2502566339085E+06 3.2312734475318E+01
E__30           1.00091382E-01 1.10000000E-12 1.10000000E-12 1.10000000E-12
 1.2502566339206E+06 3.2312734631416E+01
E__31           1.00091382E-01 1.10000000E-12 1.10000000E-12 1.10000000E-12
 1.2502566339317E+06 3.2312734473802E+01
E__32           1.00091382E-01 1.10000000E-12 1.10000000E-12 1.10000000E-12
 1.2502566339453E+06 3.2312734648218E+01
E__33           1.00091382E-01 1.10000000E-12 1.10000000E-12 1.10000000E-12
 1.2502566339522E+06 3.2312734668377E+01
E__34           1.00091382E-01 1.10000000E-12 1.10000000E-12 1.10000000E-12
 1.2502566339522E+06 3.2312734720695E+01
E__35           1.00091382E-01 1.10000000E-12 1.10000000E-12 1.10000000E-12
 1.2502566339509E+06 3.2312734784451E+01
E__36           1.00091972E-01 1.10000000E-17 1.10000000E-17 1.10000000E-17
 1.1770831184268E+06 3.2252181051506E+01
E__37           1.00091972E-01 1.10000000E-17 1.10000000E-17 1.10000000E-17
 1.1770831184377E+06 3.2252181026668E+01
E__38           1.00091972E-01 1.10000000E-17 1.10000000E-17 1.10000000E-17
 1.1770831190483E+06 3.2252181128589E+01
E__39           1.00091972E-01 1.10000000E-17 1.10000000E-17 1.10000000E-17
 1.1770831195002E+06 3.2252181277768E+01
E__40           1.00091972E-01 1.10000000E-17 1.10000000E-17 1.10000000E-17
 1.1770831190734E+06 3.2252181257940E+01
E__41           1.00091972E-01 1.10000000E-17 1.10000000E-17 1.10000000E-17
 1.1770831190992E+06 3.2252181345869E+01
E__42           1.00091972E-01 1.10000000E-17 1.10000000E-17 1.10000000E-17
 1.1770831189978E+06 3.2252181364951E+01
E__43           1.00091972E-01 1.10000000E-17 1.10000000E-17 1.10000000E-17
 1.1770831191683E+06 3.2252181485054E+01
E__44           1.00091972E-01 1.10000000E-17 1.10000000E-17 1.10000000E-17
 1.1770831192877E+06 3.2252181330193E+01
F___0           2.00186315E-01 1.10000000E-17 1.10000000E-17 1.10000000E-17
 1.6453382727362E+06 3.4298054698328E+01
F___1           2.00186315E-01 1.10000000E-17 1.10000000E-17 1.10000000E-17
 1.6453382739050E+06 3.4298054838617E+01
F___2           2.00186315E-01 1.10000000E-17 1.10000000E-17 1.10000000E-17
 1.6453382740040E+06 3.4298054042727E+01
F___3           2.00186315E-01 1.10000000E-17 1.10000000E-17 1.10000000E-17
 1.6453382709448E+06 3.4298054458945E+01
F___4           2.00186315E-01 1.10000000E-17 1.10000000E-17 1.10000000E-17
 1.6453382722233E+06 3.4298054912306E+01
F___5           2.00186315E-01 1.10000000E-17 1.10000000E-17 1.10000000E-17
 1.6453382745507E+06 3.4298054214071E+01
F___6           2.00186315E-01 1.10000000E-17 1.10000000E-17 1.10000000E-17
 1.6453382746364E+06 3.4298054515756E+01
F___7           2.00186315E-01 1.10000000E-17 1.10000000E-17 1.10000000E-17
 1.6453382753216E+06 3.4298054537387E+01
F___8           2.00186315E-01 1.10000000E-17 1.10000000E-17 1.10000000E-17
 1.6453382739774E+06 3.4298054483309E+01
F___9           2.00185110E-01 1.10000000E-13 1.10000000E-13 1.10000000E-15
 1.5965610593491E+06 3.3925502167954E+01
F__10           2.00185110E-01 1.10000000E-13 1.10000000E-13 1.10000000E-15
 1.5965610593488E+06 3.3925502233342E+01
F__11           2.00185110E-01 1.10000000E-13 1.10000000E-13 1.10000000E-15
 1.5965610593557E+06 3.3925501736389E+01
F__12           2.00185110E-01 1.10000000E-13 1.10000000E-13 1.10000000E-15
 1.5965610593511E+06 3.3925502141020E+01
F__13           2.00185110E-01 1.10000000E-13 1.10000000E-13 1.10000000E-15
 1.5965610593529E+06 3.3925502454298E+01
F__14           2.00185110E-01 1.10000000E-13 1.10000000E-13 1.10000000E-15
 1.5965610593597E+06 3.3925502045750E+01
F__15           2.00185110E-01 1.10000000E-13 1.10000000E-13 1.10000000E-15
 1.5965610593640E+06 3.3925502227051E+01
F__16           2.00185110E-01 1.10000000E-13 1.10000000E-13 1.10000000E-15
 1.5965610593723E+06 3.3925502161682E+01
F__17           2.00185110E-01 1.10000000E-13 1.10000000E-13 1.10000000E-15
 1.5965610593703E+06 3.3925502240338E+01
F__18           1.00090775E-01 1.10000000E-12 1.10000000E-12 1.10000000E-12
 1.4453740837175E+06 3.2797258054215E+01
F__19           1.00090775E-01 1.10000000E-12 1.10000000E-12 1.10000000E-12
 1.4453740837160E+06 3.2797258028530E+01
F__20           1.00090775E-01 1.10000000E-12 1.10000000E-12 1.10000000E-12
 1.4453740837194E+06 3.2797257918268E+01
F__21           1.00090775E-01 1.10000000E-12 1.10000000E-12 1.10000000E-12
 1.4453740837274E+06 3.2797258397334E+01
F__22           1.00090775E-01 1.10000000E-12 1.10000000E-12 1.10000000E-12
 1.4453740837366E+06 3.2797258524663E+01
F__23           1.00090775E-01 1.10000000E-12 1.10000000E-12 1.10000000E-12
 1.4453740837427E+06 3.2797258777398E+01
F__24           1.00090775E-01 1.10000000E-12 1.10000000E-12 1.10000000E-12
 1.4453740837466E+06 3.2797258765794E+01
F__25           1.00090775E-01 1.10000000E-12 1.10000000E-12 1.10000000E-12
 1.4453740837481E+06 3.2797258434691E+01
F__26           1.00090775E-01 1.10000000E-12 1.10000000E-12 1.10000000E-12
 1.4453740837484E+06 3.2797258664269E+01
F__27           1.00091382E-01 1.10000000E-12 1.10000000E-12 1.10000000E-12
 1.2502566338942E+06 3.2312734362372E+01
F__28           1.00091382E-01 1.10000000E-12 1.10000000E-12 1.10000000E-12
 1.2502566338983E+06 3.2312734315510E+01
F__29           1.00091382E-01 1.10000000E-12 1.10000000E-12 1.10000000E-12
 1.2502566339119E+06 3.2312734503238E+01
F__30           1.00091382E-01 1.10000000E-12 1.10000000E-12 1.10000000E-12
 1.2502566339275E+06 3.2312734672348E+01
F__31           1.00091382E-01 1.10000000E-12 1.10000000E-12 1.10000000E-12
 1.2502566339419E+06 3.2312734611314E+01
F__32           1.00091382E-01 1.10000000E-12 1.10000000E-12 1.10000000E-12
 1.2502566339541E+06 3.2312734800448E+01
F__33           1.00091382E-01 1.10000000E-12 1.10000000E-12 1.10000000E-12
 1.2502566339596E+06 3.2312734833965E+01
F__34           1.00091382E-01 1.10000000E-12 1.10000000E-12 1.10000000E-12
 1.2502566339585E+06 3.2312734923660E+01
F__35           1.00091382E-01 1.10000000E-12 1.10000000E-12 1.10000000E-12
 1.2502566339554E+06 3.2312734938124E+01
F__36           1.00091972E-01 1.10000000E-17 1.10000000E-17 1.10000000E-17
 1.1770831188786E+06 3.2252181039120E+01
F__37           1.00091972E-01 1.10000000E-17 1.10000000E-17 1.10000000E-17
 1.1770831190492E+06 3.2252181212511E+01
F__38           1.00091972E-01 1.10000000E-17 1.10000000E-17 1.10000000E-17
 1.1770831189375E+06 3.2252181311452E+01
F__39           1.00091972E-01 1.10000000E-17 1.10000000E-17 1.10000000E-17
 1.1770831188594E+06 3.2252181301081E+01
F__40           1.00091972E-01 1.10000000E-17 1.10000000E-17 1.10000000E-17
 1.1770831193237E+06 3.2252181273911E+01
F__41           1.00091972E-01 1.10000000E-17 1.10000000E-17 1.10000000E-17
 1.1770831188497E+06 3.2252181517402E+01
F__42           1.00091972E-01 1.10000000E-17 1.10000000E-17 1.10000000E-17
 1.1770831190180E+06 3.2252181707057E+01
F__43           1.00091972E-01 1.10000000E-17 1.10000000E-17 1.10000000E-17
 1.1770831183553E+06 3.2252181429238E+01
F__44           1.00091972E-01 1.10000000E-17 1.10000000E-17 1.10000000E-17
 1.1770831189925E+06 3.2252181607311E+01
G___0           2.00186315E-01 1.10000000E-17 1.10000000E-17 1.10000000E-17
 1.6453382754101E+06 3.4298054079759E+01
G___1           2.00186315E-01 1.10000000E-17 1.10000000E-17 1.10000000E-17
 1.6453382732129E+06 3.4298054440505E+01
G___2           2.00186315E-01 1.10000000E-17 1.10000000E-17 1.10000000E-17
 1.6453382753433E+06 3.4298054556877E+01
G___3           2.00186315E-01 1.10000000E-17 1.10000000E-17 1.10000000E-17
 1.6453382719223E+06 3.4298054491987E+01
G___4           2.00186315E-01 1.10000000E-17 1.10000000E-17 1.10000000E-17
 1.6453382714310E+06 3.4298055215657E+01
G___5           2.00186315E-01 1.10000000E-17 1.10000000E-17 1.10000000E-17
 1.6453382756239E+06 3.4298054450303E+01
G___6           2.00186315E-01 1.10000000E-17 1.10000000E-17 1.10000000E-17
 1.6453382786644E+06 3.4298054568581E+01
G___7           2.00186315E-01 1.10000000E-17 1.10000000E-17 1.10000000E-17
 1.6453382747901E+06 3.4298054478834E+01
G___8           2.00186315E-01 1.10000000E-17 1.10000000E-17 1.10000000E-17
 1.6453382742874E+06 3.4298054429204E+01
G___9           2.00185110E-01 1.10000000E-13 1.10000000E-13 1.10000000E-15
 1.5965610593512E+06 3.3925501699219E+01
G__10           2.00185110E-01 1.10000000E-13 1.10000000E-13 1.10000000E-15
 1.5965610593535E+06 3.3925501994158E+01
G__11           2.00185110E-01 1.10000000E-13 1.10000000E-13 1.10000000E-15
 1.5965610593577E+06 3.3925502070010E+01
G__12           2.00185110E-01 1.10000000E-13 1.10000000E-13 1.10000000E-15
 1.5965610593570E+06 3.3925502164286E+01
G__13           2.00185110E-01 1.10000000E-13 1.10000000E-13 1.10000000E-15
 1.5965610593558E+06 3.3925502670335E+01
G__14           2.00185110E-01 1.10000000E-13 1.10000000E-13 1.10000000E-15
 1.5965610593609E+06 3.3925502234477E+01
G__15           2.00185110E-01 1.10000000E-13 1.10000000E-13 1.10000000E-15
 1.5965610593630E+06 3.3925502310904E+01
G__16           2.00185110E-01 1.10000000E-13 1.10000000E-13 1.10000000E-15
 1.5965610593665E+06 3.3925502144051E+01
G__17           2.00185110E-01 1.10000000E-13 1.10000000E-13 1.10000000E-15
 1.5965610593730E+06 3.3925502024921E+01
G__18           1.00090775E-01 1.10000000E-12 1.10000000E-12 1.10000000E-12
 1.4453740837152E+06 3.2797258047160E+01
G__19           1.00090775E-01 1.10000000E-12 1.10000000E-12 1.10000000E-12
 1.4453740837193E+06 3.2797257980148E+01
G__20           1.00090775E-01 1.10000000E-12 1.10000000E-12 1.10000000E-12
 1.4453740837245E+06 3.2797257947765E+01
G__21           1.00090775E-01 1.10000000E-12 1.10000000E-12 1.10000000E-12
 1.4453740837326E+06 3.2797258345220E+01
G__22           1.00090775E-01 1.10000000E-12 1.10000000E-12 1.10000000E-12
 1.4453740837416E+06 3.2797258680334E+01
G__23           1.00090775E-01 1.10000000E-12 1.10000000E-12 1.10000000E-12
 1.4453740837469E+06 3.2797258877811E+01
G__24           1.00090775E-01 1.10000000E-12 1.10000000E-12 1.10000000E-12
 1.4453740837498E+06 3.2797258986965E+01
G__25           1.00090775E-01 1.10000000E-12 1.10000000E-12 1.10000000E-12
 1.4453740837492E+06 3.2797258819848E+01
G__26           1.00090775E-01 1.10000000E-12 1.10000000E-12 1.10000000E-12
 1.4453740837497E+06 3.2797258460652E+01
G__27           1.00091382E-01 1.10000000E-12 1.10000000E-12 1.10000000E-12
 1.2502566338980E+06 3.2312734666206E+01
G__28           1.00091382E-01 1.10000000E-12 1.10000000E-12 1.10000000E-12
 1.2502566339024E+06 3.2312734481946E+01
G__29           1.00091382E-01 1.10000000E-12 1.10000000E-12 1.10000000E-12
 1.2502566339181E+06 3.2312734751834E+01
G__30           1.00091382E-01 1.10000000E-12 1.10000000E-12 1.10000000E-12
 1.2502566339345E+06 3.2312734580512E+01
G__31           1.00091382E-01 1.10000000E-12 1.10000000E-12 1.10000000E-12
 1.2502566339482E+06 3.2312734633416E+01
G__32           1.00091382E-01 1.10000000E-12 1.10000000E-12 1.10000000E-12
 1.2502566339585E+06 3.2312735010937E+01
G__33           1.00091382E-01 1.10000000E-12 1.10000000E-12 1.10000000E-12
 1.2502566339617E+06 3.2312734805409E+01
G__34           1.00091382E-01 1.10000000E-12 1.10000000E-12 1.10000000E-12
 1.2502566339604E+06 3.2312734845584E+01
G__35           1.00091382E-01 1.10000000E-12 1.10000000E-12 1.10000000E-12
 1.2502566339552E+06 3.2312734925146E+01
G__36           1.00091972E-01 1.10000000E-17 1.10000000E-17 1.10000000E-17
 1.1770831185002E+06 3.2252181109676E+01
G__37           1.00091972E-01 1.10000000E-17 1.10000000E-17 1.10000000E-17
 1.1770831189701E+06 3.2252181209622E+01
G__38           1.00091972E-01 1.10000000E-17 1.10000000E-17 1.10000000E-17
 1.1770831191995E+06 3.2252181346767E+01
G__39           1.00091972E-01 1.10000000E-17 1.10000000E-17 1.10000000E-17
 1.1770831186843E+06 3.2252181381058E+01
G__40           1.00091972E-01 1.10000000E-17 1.10000000E-17 1.10000000E-17
 1.1770831188137E+06 3.2252181209825E+01
G__41           1.00091972E-01 1.10000000E-17 1.10000000E-17 1.10000000E-17
 1.1770831185238E+06 3.2252181369713E+01
G__42           1.00091972E-01 1.10000000E-17 1.10000000E-17 1.10000000E-17
 1.1770831185589E+06 3.2252181611085E+01
G__43           1.00091972E-01 1.10000000E-17 1.10000000E-17 1.10000000E-17
 1.1770831188318E+06 3.2252181432031E+01
G__44           1.00091972E-01 1.10000000E-17 1.10000000E-17 1.10000000E-17
 1.1770831189901E+06 3.2252181425148E+01
H___0           2.00186315E-01 1.10000000E-17 1.10000000E-17 1.10000000E-17
 1.6453382724275E+06 3.4298053935763E+01
H___1           2.00186315E-01 1.10000000E-17 1.10000000E-17 1.10000000E-17
 1.6453382734529E+06 3.4298054144300E+01
H___2           2.00186315E-01 1.10000000E-17 1.10000000E-17 1.10000000E-17
 1.6453382752290E+06 3.4298054501895E+01
H___3           2.00186315E-01 1.10000000E-17 1.10000000E-17 1.10000000E-17
 1.6453382731991E+06 3.4298054564491E+01
H___4           2.00186315E-01 1.10000000E-17 1.10000000E-17 1.10000000E-17
 1.6453382749651E+06 3.4298054948865E+01
H___5           2.00186315E-01 1.10000000E-17 1.10000000E-17 1.10000000E-17
 1.6453382766730E+06 3.4298054872800E+01
H___6           2.00186315E-01 1.10000000E-17 1.10000000E-17 1.10000000E-17
 1.6453382751040E+06 3.4298054947196E+01
H___7           2.00186315E-01 1.10000000E-17 1.10000000E-17 1.10000000E-17
 1.6453382735675E+06 3.4298054597187E+01
H___8           2.00186315E-01 1.10000000E-17 1.10000000E-17 1.10000000E-17
 1.6453382706920E+06 3.4298054631169E+01
H___9           2.00185110E-01 1.10000000E-13 1.10000000E-13 1.10000000E-15
 1.5965610593494E+06 3.3925501657276E+01
H__10           2.00185110E-01 1.10000000E-13 1.10000000E-13 1.10000000E-15
 1.5965610593550E+06 3.3925501801859E+01
H__11           2.00185110E-01 1.10000000E-13 1.10000000E-13 1.10000000E-15
 1.5965610593623E+06 3.3925502071636E+01
H__12           2.00185110E-01 1.10000000E-13 1.10000000E-13 1.10000000E-15
 1.5965610593654E+06 3.3925502097601E+01
H__13           2.00185110E-01 1.10000000E-13 1.10000000E-13 1.10000000E-15
 1.5965610593623E+06 3.3925502498969E+01
H__14           2.00185110E-01 1.10000000E-13 1.10000000E-13 1.10000000E-15
 1.5965610593616E+06 3.3925502500931E+01
H__15           2.00185110E-01 1.10000000E-13 1.10000000E-13 1.10000000E-15
 1.5965610593585E+06 3.3925502565483E+01
H__16           2.00185110E-01 1.10000000E-13 1.10000000E-13 1.10000000E-15
 1.5965610593605E+06 3.3925502348806E+01
H__17           2.00185110E-01 1.10000000E-13 1.10000000E-13 1.10000000E-15
 1.5965610593648E+06 3.3925502206105E+01
H__18           1.00090775E-01 1.10000000E-12 1.10000000E-12 1.10000000E-12
 1.4453740837147E+06 3.2797258286244E+01
H__19           1.00090775E-01 1.10000000E-12 1.10000000E-12 1.10000000E-12
 1.4453740837219E+06 3.2797258022796E+01
H__20           1.00090775E-01 1.10000000E-12 1.10000000E-12 1.10000000E-12
 1.4453740837305E+06 3.2797258268591E+01
H__21           1.00090775E-01 1.10000000E-12 1.10000000E-12 1.10000000E-12
 1.4453740837390E+06 3.2797258380316E+01
H__22           1.00090775E-01 1.10000000E-12 1.10000000E-12 1.10000000E-12
 1.4453740837451E+06 3.2797258495727E+01
H__23           1.00090775E-01 1.10000000E-12 1.10000000E-12 1.10000000E-12
 1.4453740837483E+06 3.2797258990122E+01
H__24           1.00090775E-01 1.10000000E-12 1.10000000E-12 1.10000000E-12
 1.4453740837489E+06 3.2797259037334E+01
H__25           1.00090775E-01 1.10000000E-12 1.10000000E-12 1.10000000E-12
 1.4453740837474E+06 3.2797258817219E+01
H__26           1.00090775E-01 1.10000000E-12 1.10000000E-12 1.10000000E-12
 1.4453740837477E+06 3.2797258554372E+01
H__27           1.00091382E-01 1.10000000E-12 1.10000000E-12 1.10000000E-12
 1.2502566339067E+06 3.2312734617624E+01
H__28           1.00091382E-01 1.10000000E-12 1.10000000E-12 1.10000000E-12
 1.2502566339118E+06 3.2312734582237E+01
H__29           1.00091382E-01 1.10000000E-12 1.10000000E-12 1.10000000E-12
 1.2502566339241E+06 3.2312734741787E+01
H__30           1.00091382E-01 1.10000000E-12 1.10000000E-12 1.10000000E-12
 1.2502566339364E+06 3.2312734605304E+01
H__31           1.00091382E-01 1.10000000E-12 1.10000000E-12 1.10000000E-12
 1.2502566339499E+06 3.2312734689942E+01
H__32           1.00091382E-01 1.10000000E-12 1.10000000E-12 1.10000000E-12
 1.2502566339580E+06 3.2312734846039E+01
H__33           1.00091382E-01 1.10000000E-12 1.10000000E-12 1.10000000E-12
 1.2502566339617E+06 3.2312735067834E+01
H__34           1.00091382E-01 1.10000000E-12 1.10000000E-12 1.10000000E-12
 1.2502566339589E+06 3.2312734713094E+01
H__35           1.00091382E-01 1.10000000E-12 1.10000000E-12 1.10000000E-12
 1.2502566339552E+06 3.2312734773205E+01
H__36           1.00091972E-01 1.10000000E-17 1.10000000E-17 1.10000000E-17
 1.1770831188122E+06 3.2252181138806E+01
H__37           1.00091972E-01 1.10000000E-17 1.10000000E-17 1.10000000E-17
 1.1770831190434E+06 3.2252181236204E+01
H__38           1.00091972E-01 1.10000000E-17 1.10000000E-17 1.10000000E-17
 1.1770831189869E+06 3.2252181311178E+01
H__39           1.00091972E-01 1.10000000E-17 1.10000000E-17 1.10000000E-17
 1.1770831189890E+06 3.2252181408503E+01
H__40           1.00091972E-01 1.10000000E-17 1.10000000E-17 1.10000000E-17
 1.1770831193856E+06 3.2252181327629E+01
H__41           1.00091972E-01 1.10000000E-17 1.10000000E-17 1.10000000E-17
 1.1770831190688E+06 3.2252181376834E+01
H__42           1.00091972E-01 1.10000000E-17 1.10000000E-17 1.10000000E-17
 1.1770831191374E+06 3.2252181501646E+01
H__43           1.00091972E-01 1.10000000E-17 1.10000000E-17 1.10000000E-17
 1.1770831188011E+06 3.2252181139464E+01
H__44           1.00091972E-01 1.10000000E-17 1.10000000E-17 1.10000000E-17
 1.1770831197010E+06 3.2252181212724E+01
I___0           2.00186315E-01 1.10000000E-17 1.10000000E-17 1.10000000E-17
 1.6453382705842E+06 3.4298053826305E+01
I___1           2.00186315E-01 1.10000000E-17 1.10000000E-17 1.10000000E-17
 1.6453382720775E+06 3.4298054356359E+01
I___2           2.00186315E-01 1.10000000E-17 1.10000000E-17 1.10000000E-17
 1.6453382723412E+06 3.4298054407257E+01
I___3           2.00186315E-01 1.10000000E-17 1.10000000E-17 1.10000000E-17
 1.6453382739809E+06 3.4298054644953E+01
I___4           2.00186315E-01 1.10000000E-17 1.10000000E-17 1.10000000E-17
 1.6453382778163E+06 3.4298054716148E+01
I___5           2.00186315E-01 1.10000000E-17 1.10000000E-17 1.10000000E-17
 1.6453382785319E+06 3.4298054978386E+01
I___6           2.00186315E-01 1.10000000E-17 1.10000000E-17 1.10000000E-17
 1.6453382744651E+06 3.4298054402821E+01
I___7           2.00186315E-01 1.10000000E-17 1.10000000E-17 1.10000000E-17
 1.6453382739956E+06 3.4298054794810E+01
I___8           2.00186315E-01 1.10000000E-17 1.10000000E-17 1.10000000E-17
 1.6453382722303E+06 3.4298054692131E+01
I___9           2.00185110E-01 1.10000000E-13 1.10000000E-13 1.10000000E-15
 1.5965610593534E+06 3.3925501732657E+01
I__10           2.00185110E-01 1.10000000E-13 1.10000000E-13 1.10000000E-15
 1.5965610593595E+06 3.3925501932047E+01
I__11           2.00185110E-01 1.10000000E-13 1.10000000E-13 1.10000000E-15
 1.5965610593665E+06 3.3925501987376E+01
I__12           2.00185110E-01 1.10000000E-13 1.10000000E-13 1.10000000E-15
 1.5965610593730E+06 3.3925502094534E+01
I__13           2.00185110E-01 1.10000000E-13 1.10000000E-13 1.10000000E-15
 1.5965610593697E+06 3.3925502216044E+01
I__14           2.00185110E-01 1.10000000E-13 1.10000000E-13 1.10000000E-15
 1.5965610593669E+06 3.3925502511533E+01
I__15           2.00185110E-01 1.10000000E-13 1.10000000E-13 1.10000000E-15
 1.5965610593619E+06 3.3925502186172E+01
I__16           2.00185110E-01 1.10000000E-13 1.10000000E-13 1.10000000E-15
 1.5965610593633E+06 3.3925502397621E+01
I__17           2.00185110E-01 1.10000000E-13 1.10000000E-13 1.10000000E-15
 1.5965610593652E+06 3.3925502368706E+01
I__18           1.00090775E-01 1.10000000E-12 1.10000000E-12 1.10000000E-12
 1.4453740837164E+06 3.2797258352561E+01
I__19           1.00090775E-01 1.10000000E-12 1.10000000E-12 1.10000000E-12
 1.4453740837224E+06 3.2797258060166E+01
I__20           1.00090775E-01 1.10000000E-12 1.10000000E-12 1.10000000E-12
 1.4453740837319E+06 3.2797258167958E+01
I__21           1.00090775E-01 1.10000000E-12 1.10000000E-12 1.10000000E-12
 1.4453740837407E+06 3.2797258294762E+01
I__22           1.00090775E-01 1.10000000E-12 1.10000000E-12 1.10000000E-12
 1.4453740837462E+06 3.2797258718576E+01
I__23           1.00090775E-01 1.10000000E-12 1.10000000E-12 1.10000000E-12
 1.4453740837483E+06 3.2797258823929E+01
I__24           1.00090775E-01 1.10000000E-12 1.10000000E-12 1.10000000E-12
 1.4453740837489E+06 3.2797258958238E+01
I__25           1.00090775E-01 1.10000000E-12 1.10000000E-12 1.10000000E-12
 1.4453740837482E+06 3.2797258419380E+01
I__26           1.00090775E-01 1.10000000E-12 1.10000000E-12 1.10000000E-12
 1.4453740837487E+06 3.2797258476049E+01
I__27           1.00091382E-01 1.10000000E-12 1.10000000E-12 1.10000000E-12
 1.2502566339099E+06 3.2312734424627E+01
I__28           1.00091382E-01 1.10000000E-12 1.10000000E-12 1.10000000E-12
 1.2502566339166E+06 3.2312734517392E+01
I__29           1.00091382E-01 1.10000000E-12 1.10000000E-12 1.10000000E-12
 1.2502566339274E+06 3.2312734732933E+01
I__30           1.00091382E-01 1.10000000E-12 1.10000000E-12 1.10000000E-12
 1.2502566339381E+06 3.2312734644347E+01
I__31           1.00091382E-01 1.10000000E-12 1.10000000E-12 1.10000000E-12
 1.2502566339491E+06 3.2312734781804E+01
I__32           1.00091382E-01 1.10000000E-12 1.10000000E-12 1.10000000E-12
 1.2502566339557E+06 3.2312735027609E+01
I__33           1.00091382E-01 1.10000000E-12 1.10000000E-12 1.10000000E-12
 1.2502566339579E+06 3.2312735135613E+01
I__34           1.00091382E-01 1.10000000E-12 1.10000000E-12 1.10000000E-12
 1.2502566339536E+06 3.2312734710345E+01
I__35           1.00091382E-01 1.10000000E-12 1.10000000E-12 1.10000000E-12
 1.2502566339508E+06 3.2312734368384E+01
I__36           1.00091972E-01 1.10000000E-17 1.10000000E-17 1.10000000E-17
 1.1770831190731E+06 3.2252181086759E+01
I__37           1.00091972E-01 1.10000000E-17 1.10000000E-17 1.10000000E-17
 1.1770831189700E+06 3.2252181154553E+01
I__38           1.00091972E-01 1.10000000E-17 1.10000000E-17 1.10000000E-17
 1.1770831189324E+06 3.2252181321057E+01
I__39           1.00091972E-01 1.10000000E-17 1.10000000E-17 1.10000000E-17
 1.1770831193477E+06 3.2252181351173E+01
I__40           1.00091972E-01 1.10000000E-17 1.10000000E-17 1.10000000E-17
 1.1770831195202E+06 3.2252181354967E+01
I__41           1.00091972E-01 1.10000000E-17 1.10000000E-17 1.10000000E-17
 1.1770831197669E+06 3.2252181603307E+01
I__42           1.00091972E-01 1.10000000E-17 1.10000000E-17 1.10000000E-17
 1.1770831195417E+06 3.2252181694092E+01
I__43           1.00091972E-01 1.10000000E-17 1.10000000E-17 1.10000000E-17
 1.1770831190563E+06 3.2252181283073E+01
I__44           1.00091972E-01 1.10000000E-17 1.10000000E-17 1.10000000E-17
 1.1770831190327E+06 3.2252180931725E+01
+++  
   131   262  8 0.00000000E+00 0.10000000E+10
