INCON -- INITIAL CONDITIONS FOR  405 ELEMENTS AT TIME  0.100000E+10
A___0           2.00182802E-01 1.10000000E-17 1.10000000E-17 1.10000000E-17
 1.6399309726546E+06 3.4289948876487E+01
A___1           2.00182797E-01 1.10000000E-17 1.10000000E-17 1.10000000E-17
 1.6399309366667E+06 3.4289029278592E+01
A___2           2.00182786E-01 1.10000000E-17 1.10000000E-17 1.10000000E-17
 1.6399308780547E+06 3.4287181940064E+01
A___3           2.00182769E-01 1.10000000E-17 1.10000000E-17 1.10000000E-17
 1.6399308215330E+06 3.4284409002908E+01
A___4           2.00182747E-01 1.10000000E-17 1.10000000E-17 1.10000000E-17
 1.6399307985491E+06 3.4280766600939E+01
A___5           2.00182721E-01 1.10000000E-17 1.10000000E-17 1.10000000E-17
 1.6399308376515E+06 3.4276449554082E+01
A___6           2.00182694E-01 1.10000000E-17 1.10000000E-17 1.10000000E-17
 1.6399309419512E+06 3.4271940690180E+01
A___7           2.00182672E-01 1.10000000E-17 1.10000000E-17 1.10000000E-17
 1.6399310405559E+06 3.4268220450203E+01
A___8           2.00182663E-01 1.10000000E-17 1.10000000E-17 1.10000000E-17
 1.6399310149161E+06 3.4266747580961E+01
A___9           2.00181596E-01 1.10000000E-13 1.10000000E-13 1.10000000E-15
 1.5911520412841E+06 3.3917368619833E+01
A__10           2.00181591E-01 1.10000000E-13 1.10000000E-13 1.10000000E-15
 1.5911521057153E+06 3.3916442556352E+01
A__11           2.00181580E-01 1.10000000E-13 1.10000000E-13 1.10000000E-15
 1.5911522358505E+06 3.3914578809470E+01
A__12           2.00181563E-01 1.10000000E-13 1.10000000E-13 1.10000000E-15
 1.5911524335725E+06 3.3911770634924E+01
A__13           2.00181541E-01 1.10000000E-13 1.10000000E-13 1.10000000E-15
 1.5911526997664E+06 3.3908055627909E+01
A__14           2.00181514E-01 1.10000000E-13 1.10000000E-13 1.10000000E-15
 1.5911530305458E+06 3.3903594774302E+01
A__15           2.00181486E-01 1.10000000E-13 1.10000000E-13 1.10000000E-15
 1.5911534055652E+06 3.3898825968146E+01
A__16           2.00181461E-01 1.10000000E-13 1.10000000E-13 1.10000000E-15
 1.5911537381135E+06 3.3894751269736E+01
A__17           2.00181454E-01 1.10000000E-13 1.10000000E-13 1.10000000E-15
 1.5911537712729E+06 3.3893439053626E+01
A__18           1.00089018E-01 1.10000000E-12 1.10000000E-12 1.10000000E-12
 1.4399649764358E+06 3.2789029764402E+01
A__19           1.00089015E-01 1.10000000E-12 1.10000000E-12 1.10000000E-12
 1.4399649923107E+06 3.2788082055889E+01
A__20           1.00089009E-01 1.10000000E-12 1.10000000E-12 1.10000000E-12
 1.4399650244751E+06 3.2786163441192E+01
A__21           1.00089000E-01 1.10000000E-12 1.10000000E-12 1.10000000E-12
 1.4399650736499E+06 3.2783237589748E+01
A__22           1.00088988E-01 1.10000000E-12 1.10000000E-12 1.10000000E-12
 1.4399651405496E+06 3.2779280379883E+01
A__23           1.00088974E-01 1.10000000E-12 1.10000000E-12 1.10000000E-12
 1.4399652249230E+06 3.2774340230658E+01
A__24           1.00088957E-01 1.10000000E-12 1.10000000E-12 1.10000000E-12
 1.4399653220171E+06 3.2768706864332E+01
A__25           1.00088941E-01 1.10000000E-12 1.10000000E-12 1.10000000E-12
 1.4399654078606E+06 3.2763475110295E+01
A__26           1.00088939E-01 1.10000000E-12 1.10000000E-12 1.10000000E-12
 1.4399654114013E+06 3.2762673968672E+01
A__27           1.00089625E-01 1.10000000E-12 1.10000000E-12 1.10000000E-12
 1.2448473675398E+06 3.2304515794918E+01
A__28           1.00089622E-01 1.10000000E-12 1.10000000E-12 1.10000000E-12
 1.2448473187184E+06 3.2303570924431E+01
A__29           1.00089616E-01 1.10000000E-12 1.10000000E-12 1.10000000E-12
 1.2448472198611E+06 3.2301662230957E+01
A__30           1.00089608E-01 1.10000000E-12 1.10000000E-12 1.10000000E-12
 1.2448470688861E+06 3.2298765297582E+01
A__31           1.00089596E-01 1.10000000E-12 1.10000000E-12 1.10000000E-12
 1.2448468638382E+06 3.2294883442530E+01
A__32           1.00089581E-01 1.10000000E-12 1.10000000E-12 1.10000000E-12
 1.2448466058575E+06 3.2290118666715E+01
A__33           1.00089566E-01 1.10000000E-12 1.10000000E-12 1.10000000E-12
 1.2448463098915E+06 3.2284830762722E+01
A__34           1.00089551E-01 1.10000000E-12 1.10000000E-12 1.10000000E-12
 1.2448460488371E+06 3.2280054976074E+01
A__35           1.00089548E-01 1.10000000E-12 1.10000000E-12 1.10000000E-12
 1.2448460367902E+06 3.2279020530942E+01
A__36           1.00090215E-01 1.10000000E-17 1.10000000E-17 1.10000000E-17
 1.1716741191436E+06 3.2243955875308E+01
A__37           1.00090212E-01 1.10000000E-17 1.10000000E-17 1.10000000E-17
 1.1716740289089E+06 3.2243011233546E+01
A__38           1.00090206E-01 1.10000000E-17 1.10000000E-17 1.10000000E-17
 1.1716738486018E+06 3.2241103752350E+01
A__39           1.00090198E-01 1.10000000E-17 1.10000000E-17 1.10000000E-17
 1.1716735790709E+06 3.2238211387243E+01
A__40           1.00090186E-01 1.10000000E-17 1.10000000E-17 1.10000000E-17
 1.1716732234375E+06 3.2234344345766E+01
A__41           1.00090172E-01 1.10000000E-17 1.10000000E-17 1.10000000E-17
 1.1716727919974E+06 3.2229625524449E+01
A__42           1.00090156E-01 1.10000000E-17 1.10000000E-17 1.10000000E-17
 1.1716723196510E+06 3.2224476932386E+01
A__43           1.00090143E-01 1.10000000E-17 1.10000000E-17 1.10000000E-17
 1.1716719262645E+06 3.2220046425015E+01
A__44           1.00090139E-01 1.10000000E-17 1.10000000E-17 1.10000000E-17
 1.1716718461203E+06 3.2218729451419E+01
B___0           2.00182802E-01 1.10000000E-17 1.10000000E-17 1.10000000E-17
 1.6399309741570E+06 3.4289918683762E+01
B___1           2.00182796E-01 1.10000000E-17 1.10000000E-17 1.10000000E-17
 1.6399309391552E+06 3.4288984983279E+01
B___2           2.00182785E-01 1.10000000E-17 1.10000000E-17 1.10000000E-17
 1.6399308831173E+06 3.4287102958068E+01
B___3           2.00182768E-01 1.10000000E-17 1.10000000E-17 1.10000000E-17
 1.6399308324244E+06 3.4284258809284E+01
B___4           2.00182745E-01 1.10000000E-17 1.10000000E-17 1.10000000E-17
 1.6399308226065E+06 3.4280476167753E+01
B___5           2.00182718E-01 1.10000000E-17 1.10000000E-17 1.10000000E-17
 1.6399308915127E+06 3.4275888496063E+01
B___6           2.00182688E-01 1.10000000E-17 1.10000000E-17 1.10000000E-17
 1.6399310554191E+06 3.4270881944957E+01
B___7           2.00182661E-01 1.10000000E-17 1.10000000E-17 1.10000000E-17
 1.6399311783809E+06 3.4266419933637E+01
B___8           2.00182654E-01 1.10000000E-17 1.10000000E-17 1.10000000E-17
 1.6399311275447E+06 3.4265326738692E+01
B___9           2.00181596E-01 1.10000000E-13 1.10000000E-13 1.10000000E-15
 1.5911520433629E+06 3.3917338044337E+01
B__10           2.00181590E-01 1.10000000E-13 1.10000000E-13 1.10000000E-15
 1.5911521088333E+06 3.3916397402182E+01
B__11           2.00181579E-01 1.10000000E-13 1.10000000E-13 1.10000000E-15
 1.5911522416445E+06 3.3914497358336E+01
B__12           2.00181562E-01 1.10000000E-13 1.10000000E-13 1.10000000E-15
 1.5911524453996E+06 3.3911612861940E+01
B__13           2.00181539E-01 1.10000000E-13 1.10000000E-13 1.10000000E-15
 1.5911527257354E+06 3.3907740829114E+01
B__14           2.00181510E-01 1.10000000E-13 1.10000000E-13 1.10000000E-15
 1.5911530937172E+06 3.3902951027917E+01
B__15           2.00181478E-01 1.10000000E-13 1.10000000E-13 1.10000000E-15
 1.5911535844896E+06 3.3897464393207E+01
B__16           3.00272164E-01 1.10000000E-10 1.10000000E-10 1.10000000E-10
 1.5911539675104E+06 3.3891626508418E+01
B__17           2.00181443E-01 1.10000000E-13 1.10000000E-13 1.10000000E-15
 1.5911539167048E+06 3.3891642354720E+01
B__18           1.00089017E-01 1.10000000E-12 1.10000000E-12 1.10000000E-12
 1.4399649769253E+06 3.2788997910473E+01
B__19           1.00089015E-01 1.10000000E-12 1.10000000E-12 1.10000000E-12
 1.4399649930524E+06 3.2788034035445E+01
B__20           1.00089009E-01 1.10000000E-12 1.10000000E-12 1.10000000E-12
 1.4399650258759E+06 3.2786073754997E+01
B__21           1.00089000E-01 1.10000000E-12 1.10000000E-12 1.10000000E-12
 1.4399650765724E+06 3.2783054550883E+01
B__22           1.00088987E-01 1.10000000E-12 1.10000000E-12 1.10000000E-12
 1.4399651471472E+06 3.2778884409907E+01
B__23           1.00088971E-01 1.10000000E-12 1.10000000E-12 1.10000000E-12
 1.4399652414447E+06 3.2773421788563E+01
B__24           1.00088950E-01 1.10000000E-12 1.10000000E-12 1.10000000E-12
 1.4399653695930E+06 3.2766361220946E+01
B__25           3.00266762E-01 1.10000000E-10 1.10000000E-10 1.10000000E-10
 1.4399654699385E+06 3.2756709980482E+01
B__26           1.00088930E-01 1.10000000E-12 1.10000000E-12 1.10000000E-12
 1.4399654485170E+06 3.2759650644209E+01
B__27           1.00089625E-01 1.10000000E-12 1.10000000E-12 1.10000000E-12
 1.2448473659391E+06 3.2304483978769E+01
B__28           1.00089622E-01 1.10000000E-12 1.10000000E-12 1.10000000E-12
 1.2448473163001E+06 3.2303523266118E+01
B__29           1.00089616E-01 1.10000000E-12 1.10000000E-12 1.10000000E-12
 1.2448472153166E+06 3.2301574305520E+01
B__30           1.00089607E-01 1.10000000E-12 1.10000000E-12 1.10000000E-12
 1.2448470594771E+06 3.2298589485462E+01
B__31           1.00089595E-01 1.10000000E-12 1.10000000E-12 1.10000000E-12
 1.2448468428407E+06 3.2294515383115E+01
B__32           1.00089579E-01 1.10000000E-12 1.10000000E-12 1.10000000E-12
 1.2448465541001E+06 3.2289304846223E+01
B__33           1.00089560E-01 1.10000000E-12 1.10000000E-12 1.10000000E-12
 1.2448461634980E+06 3.2282864455540E+01
B__34           3.00268604E-01 1.10000000E-10 1.10000000E-10 1.10000000E-10
 1.2448458601191E+06 3.2274552113142E+01
B__35           1.00089540E-01 1.10000000E-12 1.10000000E-12 1.10000000E-12
 1.2448459218814E+06 3.2276463241542E+01
B__36           1.00090215E-01 1.10000000E-17 1.10000000E-17 1.10000000E-17
 1.1716741165880E+06 3.2243924073203E+01
B__37           1.00090212E-01 1.10000000E-17 1.10000000E-17 1.10000000E-17
 1.1716740250979E+06 3.2242963655976E+01
B__38           1.00090206E-01 1.10000000E-17 1.10000000E-17 1.10000000E-17
 1.1716738415601E+06 3.2241016219891E+01
B__39           1.00090197E-01 1.10000000E-17 1.10000000E-17 1.10000000E-17
 1.1716735647895E+06 3.2238037437749E+01
B__40           1.00090185E-01 1.10000000E-17 1.10000000E-17 1.10000000E-17
 1.1716731926059E+06 3.2233985757692E+01
B__41           1.00090169E-01 1.10000000E-17 1.10000000E-17 1.10000000E-17
 1.1716727211464E+06 3.2228865435624E+01
B__42           1.00090151E-01 1.10000000E-17 1.10000000E-17 1.10000000E-17
 1.1716721544238E+06 3.2222850140416E+01
B__43           1.00090133E-01 1.10000000E-17 1.10000000E-17 1.10000000E-17
 1.1716716862504E+06 3.2216877554048E+01
B__44           1.00090132E-01 1.10000000E-17 1.10000000E-17 1.10000000E-17
 1.1716716822683E+06 3.2216567292701E+01
C___0           2.00182802E-01 1.10000000E-17 1.10000000E-17 1.10000000E-17
 1.6399309764026E+06 3.4289872993615E+01
C___1           2.00182796E-01 1.10000000E-17 1.10000000E-17 1.10000000E-17
 1.6399309428087E+06 3.4288918587470E+01
C___2           2.00182784E-01 1.10000000E-17 1.10000000E-17 1.10000000E-17
 1.6399308903081E+06 3.4286986622460E+01
C___3           2.00182767E-01 1.10000000E-17 1.10000000E-17 1.10000000E-17
 1.6399308470496E+06 3.4284043765411E+01
C___4           2.00182743E-01 1.10000000E-17 1.10000000E-17 1.10000000E-17
 1.6399308519721E+06 3.4280079083838E+01
C___5           2.00182714E-01 1.10000000E-17 1.10000000E-17 1.10000000E-17
 1.6399309479538E+06 3.4275176129648E+01
C___6           2.00182681E-01 1.10000000E-17 1.10000000E-17 1.10000000E-17
 1.6399311519006E+06 3.4269680033981E+01
C___7           2.00182650E-01 1.10000000E-17 1.10000000E-17 1.10000000E-17
 1.6399312952999E+06 3.4264638433466E+01
C___8           2.00182645E-01 1.10000000E-17 1.10000000E-17 1.10000000E-17
 1.6399312409086E+06 3.4263698094033E+01
C___9           2.00181596E-01 1.10000000E-13 1.10000000E-13 1.10000000E-15
 1.5911520464967E+06 3.3917291806929E+01
C__10           2.00181590E-01 1.10000000E-13 1.10000000E-13 1.10000000E-15
 1.5911521134636E+06 3.3916329830008E+01
C__11           2.00181578E-01 1.10000000E-13 1.10000000E-13 1.10000000E-15
 1.5911522499897E+06 3.3914377846131E+01
C__12           2.00181561E-01 1.10000000E-13 1.10000000E-13 1.10000000E-15
 1.5911524614816E+06 3.3911388918235E+01
C__13           2.00181536E-01 1.10000000E-13 1.10000000E-13 1.10000000E-15
 1.5911527573112E+06 3.3907318804818E+01
C__14           2.00181506E-01 1.10000000E-13 1.10000000E-13 1.10000000E-15
 1.5911531554403E+06 3.3902169919587E+01
C__15           2.00181469E-01 1.10000000E-13 1.10000000E-13 1.10000000E-15
 1.5911536988761E+06 3.3896077794478E+01
C__16           3.00272143E-01 1.10000000E-10 1.10000000E-10 1.10000000E-10
 1.5911541042795E+06 3.3889245936454E+01
C__17           2.00181432E-01 1.10000000E-13 1.10000000E-13 1.10000000E-15
 1.5911540469898E+06 3.3889771762987E+01
C__18           1.00089017E-01 1.10000000E-12 1.10000000E-12 1.10000000E-12
 1.4399649776602E+06 3.2788949844869E+01
C__19           1.00089014E-01 1.10000000E-12 1.10000000E-12 1.10000000E-12
 1.4399649941444E+06 3.2787962536359E+01
C__20           1.00089008E-01 1.10000000E-12 1.10000000E-12 1.10000000E-12
 1.4399650278567E+06 3.2785943644897E+01
C__21           1.00088999E-01 1.10000000E-12 1.10000000E-12 1.10000000E-12
 1.4399650804009E+06 3.2782800927935E+01
C__22           1.00088986E-01 1.10000000E-12 1.10000000E-12 1.10000000E-12
 1.4399651546034E+06 3.2778379263055E+01
C__23           1.00088968E-01 1.10000000E-12 1.10000000E-12 1.10000000E-12
 1.4399652554432E+06 3.2772412437616E+01
C__24           1.00088944E-01 1.10000000E-12 1.10000000E-12 1.10000000E-12
 1.4399653920080E+06 3.2764387464512E+01
C__25           3.00266731E-01 1.10000000E-10 1.10000000E-10 1.10000000E-10
 1.4399654864464E+06 3.2753217497779E+01
C__26           1.00088922E-01 1.10000000E-12 1.10000000E-12 1.10000000E-12
 1.4399654724060E+06 3.2757002895399E+01
C__27           1.00089625E-01 1.10000000E-12 1.10000000E-12 1.10000000E-12
 1.2448473635307E+06 3.2304435917117E+01
C__28           1.00089622E-01 1.10000000E-12 1.10000000E-12 1.10000000E-12
 1.2448473127249E+06 3.2303452114177E+01
C__29           1.00089616E-01 1.10000000E-12 1.10000000E-12 1.10000000E-12
 1.2448472088387E+06 3.2301445936172E+01
C__30           1.00089606E-01 1.10000000E-12 1.10000000E-12 1.10000000E-12
 1.2448470469641E+06 3.2298342469708E+01
C__31           1.00089593E-01 1.10000000E-12 1.10000000E-12 1.10000000E-12
 1.2448468184483E+06 3.2294032133009E+01
C__32           1.00089576E-01 1.10000000E-12 1.10000000E-12 1.10000000E-12
 1.2448465080167E+06 3.2288358877996E+01
C__33           1.00089554E-01 1.10000000E-12 1.10000000E-12 1.10000000E-12
 1.2448460875960E+06 3.2281032049139E+01
C__34           3.00268573E-01 1.10000000E-10 1.10000000E-10 1.10000000E-10
 1.2448457961750E+06 3.2271118967070E+01
C__35           1.00089533E-01 1.10000000E-12 1.10000000E-12 1.10000000E-12
 1.2448458399641E+06 3.2274006372765E+01
C__36           1.00090215E-01 1.10000000E-17 1.10000000E-17 1.10000000E-17
 1.1716741127347E+06 3.2243876024533E+01
C__37           1.00090212E-01 1.10000000E-17 1.10000000E-17 1.10000000E-17
 1.1716740194393E+06 3.2242892591178E+01
C__38           1.00090206E-01 1.10000000E-17 1.10000000E-17 1.10000000E-17
 1.1716738314281E+06 3.2240888256432E+01
C__39           1.00090196E-01 1.10000000E-17 1.10000000E-17 1.10000000E-17
 1.1716735454061E+06 3.2237792134562E+01
C__40           1.00090183E-01 1.10000000E-17 1.10000000E-17 1.10000000E-17
 1.1716731550878E+06 3.2233509808256E+01
C__41           1.00090167E-01 1.10000000E-17 1.10000000E-17 1.10000000E-17
 1.1716726503430E+06 3.2227952406530E+01
C__42           1.00090146E-01 1.10000000E-17 1.10000000E-17 1.10000000E-17
 1.1716720338542E+06 3.2221175454975E+01
C__43           1.00090125E-01 1.10000000E-17 1.10000000E-17 1.10000000E-17
 1.1716715391444E+06 3.2214213028397E+01
C__44           1.00090125E-01 1.10000000E-17 1.10000000E-17 1.10000000E-17
 1.1716715392024E+06 3.2214300812380E+01
D___0           2.00182802E-01 1.10000000E-17 1.10000000E-17 1.10000000E-17
 1.6399309783286E+06 3.4289833332313E+01
D___1           2.00182796E-01 1.10000000E-17 1.10000000E-17 1.10000000E-17
 1.6399309458932E+06 3.4288861481894E+01
D___2           2.00182784E-01 1.10000000E-17 1.10000000E-17 1.10000000E-17
 1.6399308962220E+06 3.4286888168984E+01
D___3           2.00182766E-01 1.10000000E-17 1.10000000E-17 1.10000000E-17
 1.6399308586071E+06 3.4283866157916E+01
D___4           2.00182741E-01 1.10000000E-17 1.10000000E-17 1.10000000E-17
 1.6399308738563E+06 3.4279762819111E+01
D___5           2.00182710E-01 1.10000000E-17 1.10000000E-17 1.10000000E-17
 1.6399309868745E+06 3.4274637679920E+01
D___6           2.00182676E-01 1.10000000E-17 1.10000000E-17 1.10000000E-17
 1.6399312135891E+06 3.4268832626361E+01
D___7           2.00182644E-01 1.10000000E-17 1.10000000E-17 1.10000000E-17
 1.6399313716309E+06 3.4263470347150E+01
D___8           2.00182638E-01 1.10000000E-17 1.10000000E-17 1.10000000E-17
 1.6399313174545E+06 3.4262548590374E+01
D___9           2.00181595E-01 1.10000000E-13 1.10000000E-13 1.10000000E-15
 1.5911520492080E+06 3.3917251696620E+01
D__10           2.00181590E-01 1.10000000E-13 1.10000000E-13 1.10000000E-15
 1.5911521174175E+06 3.3916271795903E+01
D__11           2.00181578E-01 1.10000000E-13 1.10000000E-13 1.10000000E-15
 1.5911522569460E+06 3.3914277016071E+01
D__12           2.00181559E-01 1.10000000E-13 1.10000000E-13 1.10000000E-15
 1.5911524743745E+06 3.3911205118161E+01
D__13           2.00181534E-01 1.10000000E-13 1.10000000E-13 1.10000000E-15
 1.5911527811098E+06 3.3906986842745E+01
D__14           2.00181502E-01 1.10000000E-13 1.10000000E-13 1.10000000E-15
 1.5911531979390E+06 3.3901593771617E+01
D__15           2.00181464E-01 1.10000000E-13 1.10000000E-13 1.10000000E-15
 1.5911537703766E+06 3.3895146139997E+01
D__16           3.00272130E-01 1.10000000E-10 1.10000000E-10 1.10000000E-10
 1.5911541966416E+06 3.3887848884508E+01
D__17           2.00181424E-01 1.10000000E-13 1.10000000E-13 1.10000000E-15
 1.5911541340546E+06 3.3888508404735E+01
D__18           1.00089017E-01 1.10000000E-12 1.10000000E-12 1.10000000E-12
 1.4399649782939E+06 3.2788908234335E+01
D__19           1.00089014E-01 1.10000000E-12 1.10000000E-12 1.10000000E-12
 1.4399649950707E+06 3.2787901401995E+01
D__20           1.00089008E-01 1.10000000E-12 1.10000000E-12 1.10000000E-12
 1.4399650294872E+06 3.2785834884108E+01
D__21           1.00088998E-01 1.10000000E-12 1.10000000E-12 1.10000000E-12
 1.4399650834044E+06 3.2782596471527E+01
D__22           1.00088985E-01 1.10000000E-12 1.10000000E-12 1.10000000E-12
 1.4399651600295E+06 3.2777994967395E+01
D__23           1.00088966E-01 1.10000000E-12 1.10000000E-12 1.10000000E-12
 1.4399652646011E+06 3.2771711001790E+01
D__24           1.00088940E-01 1.10000000E-12 1.10000000E-12 1.10000000E-12
 1.4399654053907E+06 3.2763186928074E+01
D__25           3.00266714E-01 1.10000000E-10 1.10000000E-10 1.10000000E-10
 1.4399655006302E+06 3.2751413613900E+01
D__26           1.00088917E-01 1.10000000E-12 1.10000000E-12 1.10000000E-12
 1.4399654881110E+06 3.2755372328820E+01
D__27           1.00089625E-01 1.10000000E-12 1.10000000E-12 1.10000000E-12
 1.2448473614500E+06 3.2304394272599E+01
D__28           1.00089622E-01 1.10000000E-12 1.10000000E-12 1.10000000E-12
 1.2448473096815E+06 3.2303391156169E+01
D__29           1.00089615E-01 1.10000000E-12 1.10000000E-12 1.10000000E-12
 1.2448472034723E+06 3.2301338187796E+01
D__30           1.00089606E-01 1.10000000E-12 1.10000000E-12 1.10000000E-12
 1.2448470370423E+06 3.2298141805621E+01
D__31           1.00089592E-01 1.10000000E-12 1.10000000E-12 1.10000000E-12
 1.2448468003858E+06 3.2293659789151E+01
D__32           1.00089574E-01 1.10000000E-12 1.10000000E-12 1.10000000E-12
 1.2448464770369E+06 3.2287690410463E+01
D__33           1.00089551E-01 1.10000000E-12 1.10000000E-12 1.10000000E-12
 1.2448460406257E+06 3.2279910846369E+01
D__34           3.00268558E-01 1.10000000E-10 1.10000000E-10 1.10000000E-10
 1.2448457438323E+06 3.2269489974207E+01
D__35           1.00089528E-01 1.10000000E-12 1.10000000E-12 1.10000000E-12
 1.2448457846134E+06 3.2272480549114E+01
D__36           1.00090215E-01 1.10000000E-17 1.10000000E-17 1.10000000E-17
 1.1716741094000E+06 3.2243834385390E+01
D__37           1.00090212E-01 1.10000000E-17 1.10000000E-17 1.10000000E-17
 1.1716740146069E+06 3.2242831686531E+01
D__38           1.00090205E-01 1.10000000E-17 1.10000000E-17 1.10000000E-17
 1.1716738229862E+06 3.2240780754806E+01
D__39           1.00090196E-01 1.10000000E-17 1.10000000E-17 1.10000000E-17
 1.1716735298818E+06 3.2237592424564E+01
D__40           1.00090182E-01 1.10000000E-17 1.10000000E-17 1.10000000E-17
 1.1716731268354E+06 3.2233140955855E+01
D__41           1.00090165E-01 1.10000000E-17 1.10000000E-17 1.10000000E-17
 1.1716726015319E+06 3.2227296485620E+01
D__42           1.00090143E-01 1.10000000E-17 1.10000000E-17 1.10000000E-17
 1.1716719583933E+06 3.2220097579023E+01
D__43           1.00090120E-01 1.10000000E-17 1.10000000E-17 1.10000000E-17
 1.1716714464870E+06 3.2212707704993E+01
D__44           1.00090121E-01 1.10000000E-17 1.10000000E-17 1.10000000E-17
 1.1716714446208E+06 3.2212830398353E+01
E___0           2.00182801E-01 1.10000000E-17 1.10000000E-17 1.10000000E-17
 1.6399309790779E+06 3.4289817793636E+01
E___1           2.00182796E-01 1.10000000E-17 1.10000000E-17 1.10000000E-17
 1.6399309470830E+06 3.4288839230310E+01
E___2           2.00182784E-01 1.10000000E-17 1.10000000E-17 1.10000000E-17
 1.6399308984704E+06 3.4286850161752E+01
E___3           2.00182765E-01 1.10000000E-17 1.10000000E-17 1.10000000E-17
 1.6399308629141E+06 3.4283798519775E+01
E___4           2.00182740E-01 1.10000000E-17 1.10000000E-17 1.10000000E-17
 1.6399308817871E+06 3.4279644710735E+01
E___5           2.00182709E-01 1.10000000E-17 1.10000000E-17 1.10000000E-17
 1.6399310005042E+06 3.4274442058790E+01
E___6           2.00182674E-01 1.10000000E-17 1.10000000E-17 1.10000000E-17
 1.6399312345210E+06 3.4268536090771E+01
E___7           2.00182641E-01 1.10000000E-17 1.10000000E-17 1.10000000E-17
 1.6399313974080E+06 3.4263081191997E+01
E___8           2.00182636E-01 1.10000000E-17 1.10000000E-17 1.10000000E-17
 1.6399313438037E+06 3.4262146523674E+01
E___9           2.00181595E-01 1.10000000E-13 1.10000000E-13 1.10000000E-15
 1.5911520502683E+06 3.3917235987908E+01
E__10           2.00181589E-01 1.10000000E-13 1.10000000E-13 1.10000000E-15
 1.5911521189526E+06 3.3916249200374E+01
E__11           2.00181578E-01 1.10000000E-13 1.10000000E-13 1.10000000E-15
 1.5911522596120E+06 3.3914238154550E+01
E__12           2.00181559E-01 1.10000000E-13 1.10000000E-13 1.10000000E-15
 1.5911524792204E+06 3.3911135339855E+01
E__13           2.00181534E-01 1.10000000E-13 1.10000000E-13 1.10000000E-15
 1.5911527898044E+06 3.3906863585499E+01
E__14           2.00181501E-01 1.10000000E-13 1.10000000E-13 1.10000000E-15
 1.5911532128838E+06 3.3901386606224E+01
E__15           2.00181462E-01 1.10000000E-13 1.10000000E-13 1.10000000E-15
 1.5911537944764E+06 3.3894826443350E+01
E__16           3.00272127E-01 1.10000000E-10 1.10000000E-10 1.10000000E-10
 1.5911542270362E+06 3.3887423521986E+01
E__17           2.00181422E-01 1.10000000E-13 1.10000000E-13 1.10000000E-15
 1.5911541637940E+06 3.3888074447607E+01
E__18           1.00089017E-01 1.10000000E-12 1.10000000E-12 1.10000000E-12
 1.4399649785412E+06 3.2788891957422E+01
E__19           1.00089014E-01 1.10000000E-12 1.10000000E-12 1.10000000E-12
 1.4399649954291E+06 3.2787877657930E+01
E__20           1.00089008E-01 1.10000000E-12 1.10000000E-12 1.10000000E-12
 1.4399650301084E+06 3.2785793171430E+01
E__21           1.00088998E-01 1.10000000E-12 1.10000000E-12 1.10000000E-12
 1.4399650845231E+06 3.2782519553395E+01
E__22           1.00088984E-01 1.10000000E-12 1.10000000E-12 1.10000000E-12
 1.4399651619887E+06 3.2777854538989E+01
E__23           1.00088965E-01 1.10000000E-12 1.10000000E-12 1.10000000E-12
 1.4399652677936E+06 3.2771465356519E+01
E__24           1.00088939E-01 1.10000000E-12 1.10000000E-12 1.10000000E-12
 1.4399654100140E+06 3.2762789959637E+01
E__25           3.00266709E-01 1.10000000E-10 1.10000000E-10 1.10000000E-10
 1.4399655059051E+06 3.2750853106755E+01
E__26           1.00088915E-01 1.10000000E-12 1.10000000E-12 1.10000000E-12
 1.4399654936454E+06 3.2754832003580E+01
E__27           1.00089625E-01 1.10000000E-12 1.10000000E-12 1.10000000E-12
 1.2448473606369E+06 3.2304377974696E+01
E__28           1.00089621E-01 1.10000000E-12 1.10000000E-12 1.10000000E-12
 1.2448473085016E+06 3.2303367457356E+01
E__29           1.00089615E-01 1.10000000E-12 1.10000000E-12 1.10000000E-12
 1.2448472014209E+06 3.2301296783934E+01
E__30           1.00089605E-01 1.10000000E-12 1.10000000E-12 1.10000000E-12
 1.2448470333273E+06 3.2298066061699E+01
E__31           1.00089592E-01 1.10000000E-12 1.10000000E-12 1.10000000E-12
 1.2448467938139E+06 3.2293523030280E+01
E__32           1.00089573E-01 1.10000000E-12 1.10000000E-12 1.10000000E-12
 1.2448464661324E+06 3.2287454836162E+01
E__33           1.00089550E-01 1.10000000E-12 1.10000000E-12 1.10000000E-12
 1.2448460243235E+06 3.2279538724728E+01
E__34           3.00268553E-01 1.10000000E-10 1.10000000E-10 1.10000000E-10
 1.2448457247742E+06 3.2268986648356E+01
E__35           1.00089527E-01 1.10000000E-12 1.10000000E-12 1.10000000E-12
 1.2448457650604E+06 3.2271972820794E+01
E__36           1.00090215E-01 1.10000000E-17 1.10000000E-17 1.10000000E-17
 1.1716741080956E+06 3.2243818088380E+01
E__37           1.00090212E-01 1.10000000E-17 1.10000000E-17 1.10000000E-17
 1.1716740127308E+06 3.2242808004366E+01
E__38           1.00090205E-01 1.10000000E-17 1.10000000E-17 1.10000000E-17
 1.1716738197508E+06 3.2240739429079E+01
E__39           1.00090196E-01 1.10000000E-17 1.10000000E-17 1.10000000E-17
 1.1716735240467E+06 3.2237516970478E+01
E__40           1.00090182E-01 1.10000000E-17 1.10000000E-17 1.10000000E-17
 1.1716731165052E+06 3.2233005174747E+01
E__41           1.00090164E-01 1.10000000E-17 1.10000000E-17 1.10000000E-17
 1.1716725842923E+06 3.2227064003030E+01
E__42           1.00090142E-01 1.10000000E-17 1.10000000E-17 1.10000000E-17
 1.1716719325334E+06 3.2219734345398E+01
E__43           1.00090119E-01 1.10000000E-17 1.10000000E-17 1.10000000E-17
 1.1716714147332E+06 3.2212224430846E+01
E__44           1.00090119E-01 1.10000000E-17 1.10000000E-17 1.10000000E-17
 1.1716714118255E+06 3.2212334485641E+01
F___0           2.00182802E-01 1.10000000E-17 1.10000000E-17 1.10000000E-17
 1.6399309783292E+06 3.4289833330820E+01
F___1           2.00182796E-01 1.10000000E-17 1.10000000E-17 1.10000000E-17
 1.6399309458939E+06 3.4288861480370E+01
F___2           2.00182784E-01 1.10000000E-17 1.10000000E-17 1.10000000E-17
 1.6399308962226E+06 3.4286888167382E+01
F___3           2.00182766E-01 1.10000000E-17 1.10000000E-17 1.10000000E-17
 1.6399308586080E+06 3.4283866156199E+01
F___4           2.00182741E-01 1.10000000E-17 1.10000000E-17 1.10000000E-17
 1.6399308738568E+06 3.4279762817250E+01
F___5           2.00182710E-01 1.10000000E-17 1.10000000E-17 1.10000000E-17
 1.6399309868754E+06 3.4274637677913E+01
F___6           2.00182676E-01 1.10000000E-17 1.10000000E-17 1.10000000E-17
 1.6399312135902E+06 3.4268832624185E+01
F___7           2.00182644E-01 1.10000000E-17 1.10000000E-17 1.10000000E-17
 1.6399313716320E+06 3.4263470344752E+01
F___8           2.00182638E-01 1.10000000E-17 1.10000000E-17 1.10000000E-17
 1.6399313174554E+06 3.4262548588011E+01
F___9           2.00181595E-01 1.10000000E-13 1.10000000E-13 1.10000000E-15
 1.5911520492080E+06 3.3917251695135E+01
F__10           2.00181590E-01 1.10000000E-13 1.10000000E-13 1.10000000E-15
 1.5911521174176E+06 3.3916271794380E+01
F__11           2.00181578E-01 1.10000000E-13 1.10000000E-13 1.10000000E-15
 1.5911522569461E+06 3.3914277014473E+01
F__12           2.00181559E-01 1.10000000E-13 1.10000000E-13 1.10000000E-15
 1.5911524743745E+06 3.3911205116447E+01
F__13           2.00181534E-01 1.10000000E-13 1.10000000E-13 1.10000000E-15
 1.5911527811099E+06 3.3906986840893E+01
F__14           2.00181502E-01 1.10000000E-13 1.10000000E-13 1.10000000E-15
 1.5911531979391E+06 3.3901593769613E+01
F__15           2.00181464E-01 1.10000000E-13 1.10000000E-13 1.10000000E-15
 1.5911537703767E+06 3.3895146137811E+01
F__16           3.00272130E-01 1.10000000E-10 1.10000000E-10 1.10000000E-10
 1.5911541966418E+06 3.3887848881996E+01
F__17           2.00181424E-01 1.10000000E-13 1.10000000E-13 1.10000000E-15
 1.5911541340547E+06 3.3888508402358E+01
F__18           1.00089017E-01 1.10000000E-12 1.10000000E-12 1.10000000E-12
 1.4399649782939E+06 3.2788908232871E+01
F__19           1.00089014E-01 1.10000000E-12 1.10000000E-12 1.10000000E-12
 1.4399649950707E+06 3.2787901400482E+01
F__20           1.00089008E-01 1.10000000E-12 1.10000000E-12 1.10000000E-12
 1.4399650294872E+06 3.2785834882523E+01
F__21           1.00088998E-01 1.10000000E-12 1.10000000E-12 1.10000000E-12
 1.4399650834044E+06 3.2782596469826E+01
F__22           1.00088985E-01 1.10000000E-12 1.10000000E-12 1.10000000E-12
 1.4399651600295E+06 3.2777994965553E+01
F__23           1.00088966E-01 1.10000000E-12 1.10000000E-12 1.10000000E-12
 1.4399652646011E+06 3.2771710999791E+01
F__24           1.00088940E-01 1.10000000E-12 1.10000000E-12 1.10000000E-12
 1.4399654053907E+06 3.2763186925881E+01
F__25           3.00266714E-01 1.10000000E-10 1.10000000E-10 1.10000000E-10
 1.4399655006302E+06 3.2751413611473E+01
F__26           1.00088917E-01 1.10000000E-12 1.10000000E-12 1.10000000E-12
 1.4399654881111E+06 3.2755372326432E+01
F__27           1.00089625E-01 1.10000000E-12 1.10000000E-12 1.10000000E-12
 1.2448473614499E+06 3.2304394271131E+01
F__28           1.00089622E-01 1.10000000E-12 1.10000000E-12 1.10000000E-12
 1.2448473096814E+06 3.2303391154658E+01
F__29           1.00089615E-01 1.10000000E-12 1.10000000E-12 1.10000000E-12
 1.2448472034722E+06 3.2301338186208E+01
F__30           1.00089606E-01 1.10000000E-12 1.10000000E-12 1.10000000E-12
 1.2448470370422E+06 3.2298141803921E+01
F__31           1.00089592E-01 1.10000000E-12 1.10000000E-12 1.10000000E-12
 1.2448468003857E+06 3.2293659787308E+01
F__32           1.00089574E-01 1.10000000E-12 1.10000000E-12 1.10000000E-12
 1.2448464770368E+06 3.2287690408451E+01
F__33           1.00089551E-01 1.10000000E-12 1.10000000E-12 1.10000000E-12
 1.2448460406256E+06 3.2279910844172E+01
F__34           3.00268558E-01 1.10000000E-10 1.10000000E-10 1.10000000E-10
 1.2448457438322E+06 3.2269489971834E+01
F__35           1.00089528E-01 1.10000000E-12 1.10000000E-12 1.10000000E-12
 1.2448457846133E+06 3.2272480546724E+01
F__36           1.00090215E-01 1.10000000E-17 1.10000000E-17 1.10000000E-17
 1.1716741093999E+06 3.2243834383926E+01
F__37           1.00090212E-01 1.10000000E-17 1.10000000E-17 1.10000000E-17
 1.1716740146069E+06 3.2242831685022E+01
F__38           1.00090205E-01 1.10000000E-17 1.10000000E-17 1.10000000E-17
 1.1716738229861E+06 3.2240780753218E+01
F__39           1.00090196E-01 1.10000000E-17 1.10000000E-17 1.10000000E-17
 1.1716735298817E+06 3.2237592422868E+01
F__40           1.00090182E-01 1.10000000E-17 1.10000000E-17 1.10000000E-17
 1.1716731268354E+06 3.2233140954016E+01
F__41           1.00090165E-01 1.10000000E-17 1.10000000E-17 1.10000000E-17
 1.1716726015321E+06 3.2227296483609E+01
F__42           1.00090143E-01 1.10000000E-17 1.10000000E-17 1.10000000E-17
 1.1716719583932E+06 3.2220097576832E+01
F__43           1.00090120E-01 1.10000000E-17 1.10000000E-17 1.10000000E-17
 1.1716714464870E+06 3.2212707702647E+01
F__44           1.00090121E-01 1.10000000E-17 1.10000000E-17 1.10000000E-17
 1.1716714446208E+06 3.2212830395976E+01
G___0           2.00182802E-01 1.10000000E-17 1.10000000E-17 1.10000000E-17
 1.6399309764034E+06 3.4289872990833E+01
G___1           2.00182796E-01 1.10000000E-17 1.10000000E-17 1.10000000E-17
 1.6399309428097E+06 3.4288918584602E+01
G___2           2.00182784E-01 1.10000000E-17 1.10000000E-17 1.10000000E-17
 1.6399308903092E+06 3.4286986619452E+01
G___3           2.00182767E-01 1.10000000E-17 1.10000000E-17 1.10000000E-17
 1.6399308470512E+06 3.4284043762204E+01
G___4           2.00182743E-01 1.10000000E-17 1.10000000E-17 1.10000000E-17
 1.6399308519733E+06 3.4280079080365E+01
G___5           2.00182714E-01 1.10000000E-17 1.10000000E-17 1.10000000E-17
 1.6399309479553E+06 3.4275176125886E+01
G___6           2.00182681E-01 1.10000000E-17 1.10000000E-17 1.10000000E-17
 1.6399311519022E+06 3.4269680029920E+01
G___7           2.00182650E-01 1.10000000E-17 1.10000000E-17 1.10000000E-17
 1.6399312953017E+06 3.4264638429063E+01
G___8           2.00182645E-01 1.10000000E-17 1.10000000E-17 1.10000000E-17
 1.6399312409105E+06 3.4263698089639E+01
G___9           2.00181596E-01 1.10000000E-13 1.10000000E-13 1.10000000E-15
 1.5911520464969E+06 3.3917291804150E+01
G__10           2.00181590E-01 1.10000000E-13 1.10000000E-13 1.10000000E-15
 1.5911521134638E+06 3.3916329827147E+01
G__11           2.00181578E-01 1.10000000E-13 1.10000000E-13 1.10000000E-15
 1.5911522499899E+06 3.3914377843129E+01
G__12           2.00181561E-01 1.10000000E-13 1.10000000E-13 1.10000000E-15
 1.5911524614818E+06 3.3911388915031E+01
G__13           2.00181536E-01 1.10000000E-13 1.10000000E-13 1.10000000E-15
 1.5911527573114E+06 3.3907318801354E+01
G__14           2.00181506E-01 1.10000000E-13 1.10000000E-13 1.10000000E-15
 1.5911531554405E+06 3.3902169915829E+01
G__15           2.00181469E-01 1.10000000E-13 1.10000000E-13 1.10000000E-15
 1.5911536988763E+06 3.3896077790401E+01
G__16           3.00272143E-01 1.10000000E-10 1.10000000E-10 1.10000000E-10
 1.5911541042798E+06 3.3889245931800E+01
G__17           2.00181432E-01 1.10000000E-13 1.10000000E-13 1.10000000E-15
 1.5911540469900E+06 3.3889771758571E+01
G__18           1.00089017E-01 1.10000000E-12 1.10000000E-12 1.10000000E-12
 1.4399649776602E+06 3.2788949842108E+01
G__19           1.00089014E-01 1.10000000E-12 1.10000000E-12 1.10000000E-12
 1.4399649941444E+06 3.2787962533521E+01
G__20           1.00089008E-01 1.10000000E-12 1.10000000E-12 1.10000000E-12
 1.4399650278567E+06 3.2785943641926E+01
G__21           1.00088999E-01 1.10000000E-12 1.10000000E-12 1.10000000E-12
 1.4399650804009E+06 3.2782800924746E+01
G__22           1.00088986E-01 1.10000000E-12 1.10000000E-12 1.10000000E-12
 1.4399651546034E+06 3.2778379259610E+01
G__23           1.00088968E-01 1.10000000E-12 1.10000000E-12 1.10000000E-12
 1.4399652554432E+06 3.2772412433875E+01
G__24           1.00088944E-01 1.10000000E-12 1.10000000E-12 1.10000000E-12
 1.4399653920080E+06 3.2764387460433E+01
G__25           3.00266731E-01 1.10000000E-10 1.10000000E-10 1.10000000E-10
 1.4399654864464E+06 3.2753217493264E+01
G__26           1.00088922E-01 1.10000000E-12 1.10000000E-12 1.10000000E-12
 1.4399654724060E+06 3.2757002890958E+01
G__27           1.00089625E-01 1.10000000E-12 1.10000000E-12 1.10000000E-12
 1.2448473635305E+06 3.2304435914363E+01
G__28           1.00089622E-01 1.10000000E-12 1.10000000E-12 1.10000000E-12
 1.2448473127248E+06 3.2303452111356E+01
G__29           1.00089616E-01 1.10000000E-12 1.10000000E-12 1.10000000E-12
 1.2448472088386E+06 3.2301445933194E+01
G__30           1.00089606E-01 1.10000000E-12 1.10000000E-12 1.10000000E-12
 1.2448470469639E+06 3.2298342466511E+01
G__31           1.00089593E-01 1.10000000E-12 1.10000000E-12 1.10000000E-12
 1.2448468184481E+06 3.2294032129546E+01
G__32           1.00089576E-01 1.10000000E-12 1.10000000E-12 1.10000000E-12
 1.2448465080166E+06 3.2288358874214E+01
G__33           1.00089554E-01 1.10000000E-12 1.10000000E-12 1.10000000E-12
 1.2448460875959E+06 3.2281032044990E+01
G__34           3.00268573E-01 1.10000000E-10 1.10000000E-10 1.10000000E-10
 1.2448457961748E+06 3.2271118962536E+01
G__35           1.00089533E-01 1.10000000E-12 1.10000000E-12 1.10000000E-12
 1.2448458399639E+06 3.2274006368236E+01
G__36           1.00090215E-01 1.10000000E-17 1.10000000E-17 1.10000000E-17
 1.1716741127346E+06 3.2243876021782E+01
G__37           1.00090212E-01 1.10000000E-17 1.10000000E-17 1.10000000E-17
 1.1716740194392E+06 3.2242892588349E+01
G__38           1.00090206E-01 1.10000000E-17 1.10000000E-17 1.10000000E-17
 1.1716738314281E+06 3.2240888253454E+01
G__39           1.00090196E-01 1.10000000E-17 1.10000000E-17 1.10000000E-17
 1.1716735454060E+06 3.2237792131369E+01
G__40           1.00090183E-01 1.10000000E-17 1.10000000E-17 1.10000000E-17
 1.1716731550876E+06 3.2233509804797E+01
G__41           1.00090167E-01 1.10000000E-17 1.10000000E-17 1.10000000E-17
 1.1716726503429E+06 3.2227952402751E+01
G__42           1.00090146E-01 1.10000000E-17 1.10000000E-17 1.10000000E-17
 1.1716720338543E+06 3.2221175450840E+01
G__43           1.00090125E-01 1.10000000E-17 1.10000000E-17 1.10000000E-17
 1.1716715391443E+06 3.2214213023927E+01
G__44           1.00090125E-01 1.10000000E-17 1.10000000E-17 1.10000000E-17
 1.1716715392024E+06 3.2214300807865E+01
H___0           2.00182802E-01 1.10000000E-17 1.10000000E-17 1.10000000E-17
 1.6399309741580E+06 3.4289918679995E+01
H___1           2.00182796E-01 1.10000000E-17 1.10000000E-17 1.10000000E-17
 1.6399309391567E+06 3.4288984979404E+01
H___2           2.00182785E-01 1.10000000E-17 1.10000000E-17 1.10000000E-17
 1.6399308831189E+06 3.4287102954015E+01
H___3           2.00182768E-01 1.10000000E-17 1.10000000E-17 1.10000000E-17
 1.6399308324262E+06 3.4284258804961E+01
H___4           2.00182745E-01 1.10000000E-17 1.10000000E-17 1.10000000E-17
 1.6399308226084E+06 3.4280476163097E+01
H___5           2.00182718E-01 1.10000000E-17 1.10000000E-17 1.10000000E-17
 1.6399308915146E+06 3.4275888491039E+01
H___6           2.00182688E-01 1.10000000E-17 1.10000000E-17 1.10000000E-17
 1.6399310554214E+06 3.4270881939573E+01
H___7           2.00182661E-01 1.10000000E-17 1.10000000E-17 1.10000000E-17
 1.6399311783836E+06 3.4266419927946E+01
H___8           2.00182654E-01 1.10000000E-17 1.10000000E-17 1.10000000E-17
 1.6399311275474E+06 3.4265326732897E+01
H___9           2.00181596E-01 1.10000000E-13 1.10000000E-13 1.10000000E-15
 1.5911520433631E+06 3.3917338040586E+01
H__10           2.00181590E-01 1.10000000E-13 1.10000000E-13 1.10000000E-15
 1.5911521088335E+06 3.3916397398319E+01
H__11           2.00181579E-01 1.10000000E-13 1.10000000E-13 1.10000000E-15
 1.5911522416447E+06 3.3914497354290E+01
H__12           2.00181562E-01 1.10000000E-13 1.10000000E-13 1.10000000E-15
 1.5911524453998E+06 3.3911612857625E+01
H__13           2.00181539E-01 1.10000000E-13 1.10000000E-13 1.10000000E-15
 1.5911527257357E+06 3.3907740824468E+01
H__14           2.00181510E-01 1.10000000E-13 1.10000000E-13 1.10000000E-15
 1.5911530937175E+06 3.3902951022899E+01
H__15           2.00181478E-01 1.10000000E-13 1.10000000E-13 1.10000000E-15
 1.5911535844899E+06 3.3897464387812E+01
H__16           3.00272164E-01 1.10000000E-10 1.10000000E-10 1.10000000E-10
 1.5911539675107E+06 3.3891626502684E+01
H__17           2.00181443E-01 1.10000000E-13 1.10000000E-13 1.10000000E-15
 1.5911539167052E+06 3.3891642348910E+01
H__18           1.00089017E-01 1.10000000E-12 1.10000000E-12 1.10000000E-12
 1.4399649769253E+06 3.2788997906748E+01
H__19           1.00089015E-01 1.10000000E-12 1.10000000E-12 1.10000000E-12
 1.4399649930524E+06 3.2788034031626E+01
H__20           1.00089009E-01 1.10000000E-12 1.10000000E-12 1.10000000E-12
 1.4399650258759E+06 3.2786073750989E+01
H__21           1.00089000E-01 1.10000000E-12 1.10000000E-12 1.10000000E-12
 1.4399650765724E+06 3.2783054546593E+01
H__22           1.00088987E-01 1.10000000E-12 1.10000000E-12 1.10000000E-12
 1.4399651471472E+06 3.2778884405290E+01
H__23           1.00088971E-01 1.10000000E-12 1.10000000E-12 1.10000000E-12
 1.4399652414447E+06 3.2773421783561E+01
H__24           1.00088950E-01 1.10000000E-12 1.10000000E-12 1.10000000E-12
 1.4399653695930E+06 3.2766361215527E+01
H__25           3.00266762E-01 1.10000000E-10 1.10000000E-10 1.10000000E-10
 1.4399654699385E+06 3.2756709974620E+01
H__26           1.00088930E-01 1.10000000E-12 1.10000000E-12 1.10000000E-12
 1.4399654485170E+06 3.2759650638338E+01
H__27           1.00089625E-01 1.10000000E-12 1.10000000E-12 1.10000000E-12
 1.2448473659389E+06 3.2304483975059E+01
H__28           1.00089622E-01 1.10000000E-12 1.10000000E-12 1.10000000E-12
 1.2448473162999E+06 3.2303523262309E+01
H__29           1.00089616E-01 1.10000000E-12 1.10000000E-12 1.10000000E-12
 1.2448472153164E+06 3.2301574301508E+01
H__30           1.00089607E-01 1.10000000E-12 1.10000000E-12 1.10000000E-12
 1.2448470594768E+06 3.2298589481163E+01
H__31           1.00089595E-01 1.10000000E-12 1.10000000E-12 1.10000000E-12
 1.2448468428405E+06 3.2294515378457E+01
H__32           1.00089579E-01 1.10000000E-12 1.10000000E-12 1.10000000E-12
 1.2448465540998E+06 3.2289304841124E+01
H__33           1.00089560E-01 1.10000000E-12 1.10000000E-12 1.10000000E-12
 1.2448461634978E+06 3.2282864449893E+01
H__34           3.00268604E-01 1.10000000E-10 1.10000000E-10 1.10000000E-10
 1.2448458601188E+06 3.2274552106556E+01
H__35           1.00089540E-01 1.10000000E-12 1.10000000E-12 1.10000000E-12
 1.2448459218812E+06 3.2276463235384E+01
H__36           1.00090215E-01 1.10000000E-17 1.10000000E-17 1.10000000E-17
 1.1716741165879E+06 3.2243924069492E+01
H__37           1.00090212E-01 1.10000000E-17 1.10000000E-17 1.10000000E-17
 1.1716740250977E+06 3.2242963652169E+01
H__38           1.00090206E-01 1.10000000E-17 1.10000000E-17 1.10000000E-17
 1.1716738415599E+06 3.2241016215882E+01
H__39           1.00090197E-01 1.10000000E-17 1.10000000E-17 1.10000000E-17
 1.1716735647895E+06 3.2238037433453E+01
H__40           1.00090185E-01 1.10000000E-17 1.10000000E-17 1.10000000E-17
 1.1716731926058E+06 3.2233985753031E+01
H__41           1.00090169E-01 1.10000000E-17 1.10000000E-17 1.10000000E-17
 1.1716727211463E+06 3.2228865430530E+01
H__42           1.00090151E-01 1.10000000E-17 1.10000000E-17 1.10000000E-17
 1.1716721544238E+06 3.2222850134813E+01
H__43           1.00090133E-01 1.10000000E-17 1.10000000E-17 1.10000000E-17
 1.1716716862502E+06 3.2216877547872E+01
H__44           1.00090132E-01 1.10000000E-17 1.10000000E-17 1.10000000E-17
 1.1716716822682E+06 3.2216567286591E+01
I___0           2.00182802E-01 1.10000000E-17 1.10000000E-17 1.10000000E-17
 1.6399309726557E+06 3.4289948872210E+01
I___1           2.00182797E-01 1.10000000E-17 1.10000000E-17 1.10000000E-17
 1.6399309366683E+06 3.4289029274204E+01
I___2           2.00182786E-01 1.10000000E-17 1.10000000E-17 1.10000000E-17
 1.6399308780565E+06 3.4287181935454E+01
I___3           2.00182769E-01 1.10000000E-17 1.10000000E-17 1.10000000E-17
 1.6399308215347E+06 3.4284408997994E+01
I___4           2.00182747E-01 1.10000000E-17 1.10000000E-17 1.10000000E-17
 1.6399307985512E+06 3.4280766595664E+01
I___5           2.00182721E-01 1.10000000E-17 1.10000000E-17 1.10000000E-17
 1.6399308376535E+06 3.4276449548401E+01
I___6           2.00182694E-01 1.10000000E-17 1.10000000E-17 1.10000000E-17
 1.6399309419538E+06 3.4271940684102E+01
I___7           2.00182672E-01 1.10000000E-17 1.10000000E-17 1.10000000E-17
 1.6399310405587E+06 3.4268220443832E+01
I___8           2.00182663E-01 1.10000000E-17 1.10000000E-17 1.10000000E-17
 1.6399310149190E+06 3.4266747574452E+01
I___9           2.00181596E-01 1.10000000E-13 1.10000000E-13 1.10000000E-15
 1.5911520412843E+06 3.3917368615571E+01
I__10           2.00181591E-01 1.10000000E-13 1.10000000E-13 1.10000000E-15
 1.5911521057156E+06 3.3916442551974E+01
I__11           2.00181580E-01 1.10000000E-13 1.10000000E-13 1.10000000E-15
 1.5911522358507E+06 3.3914578804870E+01
I__12           2.00181563E-01 1.10000000E-13 1.10000000E-13 1.10000000E-15
 1.5911524335728E+06 3.3911770630013E+01
I__13           2.00181541E-01 1.10000000E-13 1.10000000E-13 1.10000000E-15
 1.5911526997667E+06 3.3908055622636E+01
I__14           2.00181514E-01 1.10000000E-13 1.10000000E-13 1.10000000E-15
 1.5911530305461E+06 3.3903594768624E+01
I__15           2.00181486E-01 1.10000000E-13 1.10000000E-13 1.10000000E-15
 1.5911534055655E+06 3.3898825962065E+01
I__16           2.00181461E-01 1.10000000E-13 1.10000000E-13 1.10000000E-15
 1.5911537381139E+06 3.3894751263352E+01
I__17           2.00181454E-01 1.10000000E-13 1.10000000E-13 1.10000000E-15
 1.5911537712733E+06 3.3893439047102E+01
I__18           1.00089018E-01 1.10000000E-12 1.10000000E-12 1.10000000E-12
 1.4399649764358E+06 3.2789029760176E+01
I__19           1.00089015E-01 1.10000000E-12 1.10000000E-12 1.10000000E-12
 1.4399649923107E+06 3.2788082051557E+01
I__20           1.00089009E-01 1.10000000E-12 1.10000000E-12 1.10000000E-12
 1.4399650244751E+06 3.2786163436634E+01
I__21           1.00089000E-01 1.10000000E-12 1.10000000E-12 1.10000000E-12
 1.4399650736499E+06 3.2783237584882E+01
I__22           1.00088988E-01 1.10000000E-12 1.10000000E-12 1.10000000E-12
 1.4399651405496E+06 3.2779280374633E+01
I__23           1.00088974E-01 1.10000000E-12 1.10000000E-12 1.10000000E-12
 1.4399652249230E+06 3.2774340224998E+01
I__24           1.00088957E-01 1.10000000E-12 1.10000000E-12 1.10000000E-12
 1.4399653220172E+06 3.2768706858246E+01
I__25           1.00088941E-01 1.10000000E-12 1.10000000E-12 1.10000000E-12
 1.4399654078607E+06 3.2763475103861E+01
I__26           1.00088939E-01 1.10000000E-12 1.10000000E-12 1.10000000E-12
 1.4399654114014E+06 3.2762673962112E+01
I__27           1.00089625E-01 1.10000000E-12 1.10000000E-12 1.10000000E-12
 1.2448473675396E+06 3.2304515790697E+01
I__28           1.00089622E-01 1.10000000E-12 1.10000000E-12 1.10000000E-12
 1.2448473187182E+06 3.2303570920092E+01
I__29           1.00089616E-01 1.10000000E-12 1.10000000E-12 1.10000000E-12
 1.2448472198609E+06 3.2301662226392E+01
I__30           1.00089608E-01 1.10000000E-12 1.10000000E-12 1.10000000E-12
 1.2448470688859E+06 3.2298765292698E+01
I__31           1.00089596E-01 1.10000000E-12 1.10000000E-12 1.10000000E-12
 1.2448468638379E+06 3.2294883437235E+01
I__32           1.00089581E-01 1.10000000E-12 1.10000000E-12 1.10000000E-12
 1.2448466058572E+06 3.2290118660952E+01
I__33           1.00089566E-01 1.10000000E-12 1.10000000E-12 1.10000000E-12
 1.2448463098912E+06 3.2284830756455E+01
I__34           1.00089551E-01 1.10000000E-12 1.10000000E-12 1.10000000E-12
 1.2448460488369E+06 3.2280054969319E+01
I__35           1.00089548E-01 1.10000000E-12 1.10000000E-12 1.10000000E-12
 1.2448460367899E+06 3.2279020524133E+01
I__36           1.00090215E-01 1.10000000E-17 1.10000000E-17 1.10000000E-17
 1.1716741191437E+06 3.2243955871090E+01
I__37           1.00090212E-01 1.10000000E-17 1.10000000E-17 1.10000000E-17
 1.1716740289089E+06 3.2243011229220E+01
I__38           1.00090206E-01 1.10000000E-17 1.10000000E-17 1.10000000E-17
 1.1716738486017E+06 3.2241103747786E+01
I__39           1.00090198E-01 1.10000000E-17 1.10000000E-17 1.10000000E-17
 1.1716735790709E+06 3.2238211382354E+01
I__40           1.00090186E-01 1.10000000E-17 1.10000000E-17 1.10000000E-17
 1.1716732234375E+06 3.2234344340471E+01
I__41           1.00090172E-01 1.10000000E-17 1.10000000E-17 1.10000000E-17
 1.1716727919973E+06 3.2229625518689E+01
I__42           1.00090156E-01 1.10000000E-17 1.10000000E-17 1.10000000E-17
 1.1716723196509E+06 3.2224476926122E+01
I__43           1.00090143E-01 1.10000000E-17 1.10000000E-17 1.10000000E-17
 1.1716719262643E+06 3.2220046418305E+01
I__44           1.00090139E-01 1.10000000E-17 1.10000000E-17 1.10000000E-17
 1.1716718461201E+06 3.2218729444610E+01
+++  
   131   364  9 0.00000000E+00 0.10000000E+10
