INCON -- INITIAL CONDITIONS FOR  405 ELEMENTS AT TIME  0.677453E+08
A___0           2.00014901E-01 1.10000000E-17 1.10000000E-17 1.10000000E-17
 1.4103617310381E+06 3.0807468155426E+01
A___1           2.00014901E-01 1.10000000E-17 1.10000000E-17 1.10000000E-17
 1.4103612964552E+06 3.0807461079354E+01
A___2           2.00014899E-01 1.10000000E-17 1.10000000E-17 1.10000000E-17
 1.4103596284825E+06 3.0807415210321E+01
A___3           2.00014894E-01 1.10000000E-17 1.10000000E-17 1.10000000E-17
 1.4103541486468E+06 3.0807160415350E+01
A___4           2.00014877E-01 1.10000000E-17 1.10000000E-17 1.10000000E-17
 1.4103384273227E+06 3.0805954890177E+01
A___5           2.00014824E-01 1.10000000E-17 1.10000000E-17 1.10000000E-17
 1.4103007024476E+06 3.0801227234534E+01
A___6           2.00014692E-01 1.10000000E-17 1.10000000E-17 1.10000000E-17
 1.4102312435891E+06 3.0786642861161E+01
A___7           2.00014473E-01 1.10000000E-17 1.10000000E-17 1.10000000E-17
 1.4101580177680E+06 3.0757835612942E+01
A___8           2.00014624E-01 1.10000000E-17 1.10000000E-17 1.10000000E-17
 1.4101798999098E+06 3.0780767022053E+01
A___9           2.00014024E-01 1.10000000E-13 1.10000000E-13 1.10000000E-15
 1.3606204680073E+06 3.0592196458406E+01
A__10           2.00014024E-01 1.10000000E-13 1.10000000E-13 1.10000000E-15
 1.3606204644670E+06 3.0592189278632E+01
A__11           2.00014024E-01 1.10000000E-13 1.10000000E-13 1.10000000E-15
 1.3606204600761E+06 3.0592144249827E+01
A__12           2.00014022E-01 1.10000000E-13 1.10000000E-13 1.10000000E-15
 1.3606204682244E+06 3.0591903942818E+01
A__13           2.00014016E-01 1.10000000E-13 1.10000000E-13 1.10000000E-15
 1.3606205387994E+06 3.0590821353389E+01
A__14           2.00013992E-01 1.10000000E-13 1.10000000E-13 1.10000000E-15
 1.3606208200358E+06 3.0586812517117E+01
A__15           2.00013921E-01 1.10000000E-13 1.10000000E-13 1.10000000E-15
 1.3606216484312E+06 3.0574885094649E+01
A__16           2.00013748E-01 1.10000000E-13 1.10000000E-13 1.10000000E-15
 1.3606232880213E+06 3.0545921756241E+01
A__17           2.00013891E-01 1.10000000E-13 1.10000000E-13 1.10000000E-15
 1.3606219892929E+06 3.0569852561419E+01
A__18           1.00006772E-01 1.10000000E-12 1.10000000E-12 1.10000000E-12
 1.2092983685601E+06 2.9991238670299E+01
A__19           1.00006772E-01 1.10000000E-12 1.10000000E-12 1.10000000E-12
 1.2092983638823E+06 2.9991231134310E+01
A__20           1.00006772E-01 1.10000000E-12 1.10000000E-12 1.10000000E-12
 1.2092983523156E+06 2.9991189086748E+01
A__21           1.00006771E-01 1.10000000E-12 1.10000000E-12 1.10000000E-12
 1.2092983282423E+06 2.9990998921974E+01
A__22           1.00006769E-01 1.10000000E-12 1.10000000E-12 1.10000000E-12
 1.2092982802373E+06 2.9990340227155E+01
A__23           1.00006765E-01 1.10000000E-12 1.10000000E-12 1.10000000E-12
 1.2092981884603E+06 2.9988877760958E+01
A__24           1.00006763E-01 1.10000000E-12 1.10000000E-12 1.10000000E-12
 1.2092980313363E+06 2.9988232646097E+01
A__25           1.00006781E-01 1.10000000E-12 1.10000000E-12 1.10000000E-12
 1.2092978432225E+06 2.9994466676743E+01
A__26           1.00006757E-01 1.10000000E-12 1.10000000E-12 1.10000000E-12
 1.2092979281638E+06 2.9986173005335E+01
A__27           1.00008436E-01 1.10000000E-12 1.10000000E-12 1.10000000E-12
 1.0140389618469E+06 2.9874291948193E+01
A__28           1.00008436E-01 1.10000000E-12 1.10000000E-12 1.10000000E-12
 1.0140389724259E+06 2.9874296066129E+01
A__29           1.00008436E-01 1.10000000E-12 1.10000000E-12 1.10000000E-12
 1.0140390003412E+06 2.9874324626239E+01
A__30           1.00008437E-01 1.10000000E-12 1.10000000E-12 1.10000000E-12
 1.0140390624554E+06 2.9874488804651E+01
A__31           1.00008439E-01 1.10000000E-12 1.10000000E-12 1.10000000E-12
 1.0140391929498E+06 2.9875264603376E+01
A__32           1.00008448E-01 1.10000000E-12 1.10000000E-12 1.10000000E-12
 1.0140394507496E+06 2.9878112430607E+01
A__33           1.00008470E-01 1.10000000E-12 1.10000000E-12 1.10000000E-12
 1.0140398989467E+06 2.9885393224191E+01
A__34           1.00008498E-01 1.10000000E-12 1.10000000E-12 1.10000000E-12
 1.0140404355623E+06 2.9894817588806E+01
A__35           1.00008481E-01 1.10000000E-12 1.10000000E-12 1.10000000E-12
 1.0140401918256E+06 2.9888966161505E+01
A__36           1.00009129E-01 1.10000000E-17 1.10000000E-17 1.10000000E-17
 9.4074184572226E+05 2.9861397337280E+01
A__37           1.00009129E-01 1.10000000E-17 1.10000000E-17 1.10000000E-17
 9.4074187555137E+05 2.9861402764287E+01
A__38           1.00009129E-01 1.10000000E-17 1.10000000E-17 1.10000000E-17
 9.4074199090822E+05 2.9861438879408E+01
A__39           1.00009130E-01 1.10000000E-17 1.10000000E-17 1.10000000E-17
 9.4074236800870E+05 2.9861638803705E+01
A__40           1.00009133E-01 1.10000000E-17 1.10000000E-17 1.10000000E-17
 9.4074333404025E+05 2.9862546505291E+01
A__41           1.00009143E-01 1.10000000E-17 1.10000000E-17 1.10000000E-17
 9.4074487217944E+05 2.9865727226399E+01
A__42           1.00009166E-01 1.10000000E-17 1.10000000E-17 1.10000000E-17
 9.4074529741584E+05 2.9873353852771E+01
A__43           1.00009192E-01 1.10000000E-17 1.10000000E-17 1.10000000E-17
 9.4074303153265E+05 2.9882218024632E+01
A__44           1.00009179E-01 1.10000000E-17 1.10000000E-17 1.10000000E-17
 9.4074758560692E+05 2.9877387810953E+01
B___0           2.00014901E-01 1.10000000E-17 1.10000000E-17 1.10000000E-17
 1.4103617021953E+06 3.0807467669932E+01
B___1           2.00014901E-01 1.10000000E-17 1.10000000E-17 1.10000000E-17
 1.4103611868874E+06 3.0807457375553E+01
B___2           2.00014899E-01 1.10000000E-17 1.10000000E-17 1.10000000E-17
 1.4103591567564E+06 3.0807387787376E+01
B___3           2.00014892E-01 1.10000000E-17 1.10000000E-17 1.10000000E-17
 1.4103522582303E+06 3.0806979071572E+01
B___4           2.00014866E-01 1.10000000E-17 1.10000000E-17 1.10000000E-17
 1.4103315443230E+06 3.0804874940601E+01
B___5           2.00014775E-01 1.10000000E-17 1.10000000E-17 1.10000000E-17
 1.4102784465803E+06 3.0795361434361E+01
B___6           2.00014478E-01 1.10000000E-17 1.10000000E-17 1.10000000E-17
 1.4101716451191E+06 3.0757208511553E+01
B___7           2.00013648E-01 1.10000000E-17 1.10000000E-17 1.10000000E-17
 1.4100516333314E+06 3.0631648637207E+01
B___8           2.00014363E-01 1.10000000E-17 1.10000000E-17 1.10000000E-17
 1.4101003512209E+06 3.0745684053121E+01
B___9           2.00014024E-01 1.10000000E-13 1.10000000E-13 1.10000000E-15
 1.3606204676711E+06 3.0592196102963E+01
B__10           2.00014024E-01 1.10000000E-13 1.10000000E-13 1.10000000E-15
 1.3606204640017E+06 3.0592186514883E+01
B__11           2.00014023E-01 1.10000000E-13 1.10000000E-13 1.10000000E-15
 1.3606204600381E+06 3.0592123866988E+01
B__12           2.00014021E-01 1.10000000E-13 1.10000000E-13 1.10000000E-15
 1.3606204740753E+06 3.0591770149597E+01
B__13           2.00014011E-01 1.10000000E-13 1.10000000E-13 1.10000000E-15
 1.3606205845276E+06 3.0590030408748E+01
B__14           2.00013965E-01 1.10000000E-13 1.10000000E-13 1.10000000E-15
 1.3606210940982E+06 3.0582391509204E+01
B__15           2.00013750E-01 1.10000000E-13 1.10000000E-13 1.10000000E-15
 1.3606231659637E+06 3.0546288935829E+01
B__16           3.34419687E-01 2.00000000E-01 2.00000000E-01 1.80000000E-08
 1.3606272906173E+06 3.0216599644772E+01
B__17           2.00013695E-01 1.10000000E-13 1.10000000E-13 1.10000000E-15
 1.3606236802568E+06 3.0537015319226E+01
B__18           1.00006772E-01 1.10000000E-12 1.10000000E-12 1.10000000E-12
 1.2092983682812E+06 2.9991238735736E+01
B__19           1.00006772E-01 1.10000000E-12 1.10000000E-12 1.10000000E-12
 1.2092983632864E+06 2.9991231558109E+01
B__20           1.00006772E-01 1.10000000E-12 1.10000000E-12 1.10000000E-12
 1.2092983506697E+06 2.9991192420606E+01
B__21           1.00006771E-01 1.10000000E-12 1.10000000E-12 1.10000000E-12
 1.2092983234227E+06 2.9991026094957E+01
B__22           1.00006770E-01 1.10000000E-12 1.10000000E-12 1.10000000E-12
 1.2092982656354E+06 2.9990554741691E+01
B__23           1.00006769E-01 1.10000000E-12 1.10000000E-12 1.10000000E-12
 1.2092981424122E+06 2.9990418472459E+01
B__24           1.00006793E-01 1.10000000E-12 1.10000000E-12 1.10000000E-12
 1.2092978780858E+06 2.9998211455623E+01
B__25           3.34423344E-01 2.00000000E-01 2.00000000E-01 1.80000000E-08
 1.2092975883615E+06 3.0060991712832E+01
B__26           1.00006791E-01 1.10000000E-12 1.10000000E-12 1.10000000E-12
 1.2092977684906E+06 2.9997679577250E+01
B__27           1.00008436E-01 1.10000000E-12 1.10000000E-12 1.10000000E-12
 1.0140389626363E+06 2.9874292420577E+01
B__28           1.00008436E-01 1.10000000E-12 1.10000000E-12 1.10000000E-12
 1.0140389741544E+06 2.9874299396403E+01
B__29           1.00008436E-01 1.10000000E-12 1.10000000E-12 1.10000000E-12
 1.0140390051371E+06 2.9874347028394E+01
B__30           1.00008437E-01 1.10000000E-12 1.10000000E-12 1.10000000E-12
 1.0140390765272E+06 2.9874618818971E+01
B__31           1.00008441E-01 1.10000000E-12 1.10000000E-12 1.10000000E-12
 1.0140392355382E+06 2.9875900128397E+01
B__32           1.00008456E-01 1.10000000E-12 1.10000000E-12 1.10000000E-12
 1.0140395842810E+06 2.9880663355786E+01
B__33           1.00008494E-01 1.10000000E-12 1.10000000E-12 1.10000000E-12
 1.0140403382328E+06 2.9893529447863E+01
B__34           3.34428513E-01 2.00000000E-01 2.00000000E-01 1.80000000E-08
 1.0140411543280E+06 2.9904215928713E+01
B__35           1.00008512E-01 1.10000000E-12 1.10000000E-12 1.10000000E-12
 1.0140406512106E+06 2.9899439158882E+01
B__36           1.00009129E-01 1.10000000E-17 1.10000000E-17 1.10000000E-17
 9.4074184825801E+05 2.9861397843647E+01
B__37           1.00009129E-01 1.10000000E-17 1.10000000E-17 1.10000000E-17
 9.4074188476709E+05 2.9861406304684E+01
B__38           1.00009130E-01 1.10000000E-17 1.10000000E-17 1.10000000E-17
 9.4074202621532E+05 2.9861462567549E+01
B__39           1.00009131E-01 1.10000000E-17 1.10000000E-17 1.10000000E-17
 9.4074247072815E+05 2.9861774683648E+01
B__40           1.00009135E-01 1.10000000E-17 1.10000000E-17 1.10000000E-17
 9.4074348065523E+05 2.9863195734978E+01
B__41           1.00009151E-01 1.10000000E-17 1.10000000E-17 1.10000000E-17
 9.4074447993083E+05 2.9868212378376E+01
B__42           1.00009187E-01 1.10000000E-17 1.10000000E-17 1.10000000E-17
 9.4074204657449E+05 2.9880572541884E+01
B__43           1.00009230E-01 1.10000000E-17 1.10000000E-17 1.10000000E-17
 9.4072944154015E+05 2.9896230417188E+01
B__44           1.00009206E-01 1.10000000E-17 1.10000000E-17 1.10000000E-17
 9.4074372178331E+05 2.9886906898821E+01
C___0           2.00014901E-01 1.10000000E-17 1.10000000E-17 1.10000000E-17
 1.4103616702443E+06 3.0807467346300E+01
C___1           2.00014900E-01 1.10000000E-17 1.10000000E-17 1.10000000E-17
 1.4103610666791E+06 3.0807454841831E+01
C___2           2.00014898E-01 1.10000000E-17 1.10000000E-17 1.10000000E-17
 1.4103586521384E+06 3.0807367782597E+01
C___3           2.00014890E-01 1.10000000E-17 1.10000000E-17 1.10000000E-17
 1.4103503130310E+06 3.0806841708531E+01
C___4           2.00014857E-01 1.10000000E-17 1.10000000E-17 1.10000000E-17
 1.4103249694897E+06 3.0804062335860E+01
C___5           2.00014739E-01 1.10000000E-17 1.10000000E-17 1.10000000E-17
 1.4102601902316E+06 3.0791291307392E+01
C___6           2.00014355E-01 1.10000000E-17 1.10000000E-17 1.10000000E-17
 1.4101362935343E+06 3.0740579152796E+01
C___7           2.00013347E-01 1.10000000E-17 1.10000000E-17 1.10000000E-17
 1.4100294890221E+06 3.0583886529089E+01
C___8           2.00014207E-01 1.10000000E-17 1.10000000E-17 1.10000000E-17
 1.4100491463985E+06 3.0725141229010E+01
C___9           2.00014024E-01 1.10000000E-13 1.10000000E-13 1.10000000E-15
 1.3606204670968E+06 3.0592196071896E+01
C__10           2.00014024E-01 1.10000000E-13 1.10000000E-13 1.10000000E-15
 1.3606204629298E+06 3.0592185802385E+01
C__11           2.00014023E-01 1.10000000E-13 1.10000000E-13 1.10000000E-15
 1.3606204579533E+06 3.0592115807879E+01
C__12           2.00014021E-01 1.10000000E-13 1.10000000E-13 1.10000000E-15
 1.3606204720474E+06 3.0591701794657E+01
C__13           2.00014008E-01 1.10000000E-13 1.10000000E-13 1.10000000E-15
 1.3606205944986E+06 3.0589563001240E+01
C__14           2.00013950E-01 1.10000000E-13 1.10000000E-13 1.10000000E-15
 1.3606211708769E+06 3.0579761724040E+01
C__15           2.00013677E-01 1.10000000E-13 1.10000000E-13 1.10000000E-15
 1.3606234239666E+06 3.0534025934959E+01
C__16           3.34419255E-01 2.00000000E-01 2.00000000E-01 1.80000000E-08
 1.3606272906182E+06 3.0173499971844E+01
C__17           2.00013606E-01 1.10000000E-13 1.10000000E-13 1.10000000E-15
 1.3606239934531E+06 3.0522196640967E+01
C__18           1.00006772E-01 1.10000000E-12 1.10000000E-12 1.10000000E-12
 1.2092983678967E+06 2.9991239639984E+01
C__19           1.00006772E-01 1.10000000E-12 1.10000000E-12 1.10000000E-12
 1.2092983624735E+06 2.9991236975006E+01
C__20           1.00006772E-01 1.10000000E-12 1.10000000E-12 1.10000000E-12
 1.2092983485608E+06 2.9991224383638E+01
C__21           1.00006772E-01 1.10000000E-12 1.10000000E-12 1.10000000E-12
 1.2092983179759E+06 2.9991188661861E+01
C__22           1.00006772E-01 1.10000000E-12 1.10000000E-12 1.10000000E-12
 1.2092982524518E+06 2.9991246441995E+01
C__23           1.00006776E-01 1.10000000E-12 1.10000000E-12 1.10000000E-12
 1.2092981146619E+06 2.9992759409334E+01
C__24           1.00006808E-01 1.10000000E-12 1.10000000E-12 1.10000000E-12
 1.2092978381070E+06 3.0003455767137E+01
C__25           3.34423204E-01 2.00000000E-01 2.00000000E-01 1.80000000E-08
 1.2092975883615E+06 3.0046981329472E+01
C__26           1.00006813E-01 1.10000000E-12 1.10000000E-12 1.10000000E-12
 1.2092977206468E+06 3.0005039236817E+01
C__27           1.00008436E-01 1.10000000E-12 1.10000000E-12 1.10000000E-12
 1.0140389638197E+06 2.9874293000394E+01
C__28           1.00008436E-01 1.10000000E-12 1.10000000E-12 1.10000000E-12
 1.0140389765928E+06 2.9874303085634E+01
C__29           1.00008436E-01 1.10000000E-12 1.10000000E-12 1.10000000E-12
 1.0140390113578E+06 2.9874368855831E+01
C__30           1.00008438E-01 1.10000000E-12 1.10000000E-12 1.10000000E-12
 1.0140390925228E+06 2.9874724459193E+01
C__31           1.00008442E-01 1.10000000E-12 1.10000000E-12 1.10000000E-12
 1.0140392741780E+06 2.9876291544641E+01
C__32           1.00008458E-01 1.10000000E-12 1.10000000E-12 1.10000000E-12
 1.0140396652329E+06 2.9881624008452E+01
C__33           1.00008498E-01 1.10000000E-12 1.10000000E-12 1.10000000E-12
 1.0140404535616E+06 2.9894643207700E+01
C__34           3.34428654E-01 2.00000000E-01 2.00000000E-01 1.80000000E-08
 1.0140411543280E+06 2.9918250319768E+01
C__35           1.00008518E-01 1.10000000E-12 1.10000000E-12 1.10000000E-12
 1.0140407899495E+06 2.9901363903161E+01
C__36           1.00009129E-01 1.10000000E-17 1.10000000E-17 1.10000000E-17
 9.4074185157045E+05 2.9861398365663E+01
C__37           1.00009129E-01 1.10000000E-17 1.10000000E-17 1.10000000E-17
 9.4074189579226E+05 2.9861409665056E+01
C__38           1.00009130E-01 1.10000000E-17 1.10000000E-17 1.10000000E-17
 9.4074206566329E+05 2.9861482622046E+01
C__39           1.00009131E-01 1.10000000E-17 1.10000000E-17 1.10000000E-17
 9.4074258418878E+05 2.9861872181365E+01
C__40           1.00009136E-01 1.10000000E-17 1.10000000E-17 1.10000000E-17
 9.4074371442150E+05 2.9863557610789E+01
C__41           1.00009153E-01 1.10000000E-17 1.10000000E-17 1.10000000E-17
 9.4074490728217E+05 2.9869111538677E+01
C__42           1.00009191E-01 1.10000000E-17 1.10000000E-17 1.10000000E-17
 9.4074441798921E+05 2.9881540266536E+01
C__43           1.00009234E-01 1.10000000E-17 1.10000000E-17 1.10000000E-17
 9.4074608307281E+05 2.9896012586287E+01
C__44           1.00009212E-01 1.10000000E-17 1.10000000E-17 1.10000000E-17
 9.4074632721306E+05 2.9888644421703E+01
D___0           2.00014901E-01 1.10000000E-17 1.10000000E-17 1.10000000E-17
 1.4103616510509E+06 3.0807467371384E+01
D___1           2.00014900E-01 1.10000000E-17 1.10000000E-17 1.10000000E-17
 1.4103609952666E+06 3.0807454395704E+01
D___2           2.00014898E-01 1.10000000E-17 1.10000000E-17 1.10000000E-17
 1.4103583538902E+06 3.0807362462465E+01
D___3           2.00014889E-01 1.10000000E-17 1.10000000E-17 1.10000000E-17
 1.4103491448174E+06 3.0806795111380E+01
D___4           2.00014852E-01 1.10000000E-17 1.10000000E-17 1.10000000E-17
 1.4103209459753E+06 3.0803740487819E+01
D___5           2.00014721E-01 1.10000000E-17 1.10000000E-17 1.10000000E-17
 1.4102486632414E+06 3.0789549909500E+01
D___6           2.00014296E-01 1.10000000E-17 1.10000000E-17 1.10000000E-17
 1.4101095770844E+06 3.0733519597675E+01
D___7           2.00013197E-01 1.10000000E-17 1.10000000E-17 1.10000000E-17
 1.4099815827182E+06 3.0564094087703E+01
D___8           2.00014131E-01 1.10000000E-17 1.10000000E-17 1.10000000E-17
 1.4100123422696E+06 3.0716388528100E+01
D___9           2.00014024E-01 1.10000000E-13 1.10000000E-13 1.10000000E-15
 1.3606204665292E+06 3.0592196325752E+01
D__10           2.00014024E-01 1.10000000E-13 1.10000000E-13 1.10000000E-15
 1.3606204617338E+06 3.0592186957029E+01
D__11           2.00014023E-01 1.10000000E-13 1.10000000E-13 1.10000000E-15
 1.3606204550056E+06 3.0592120224063E+01
D__12           2.00014021E-01 1.10000000E-13 1.10000000E-13 1.10000000E-15
 1.3606204655157E+06 3.0591706525053E+01
D__13           2.00014008E-01 1.10000000E-13 1.10000000E-13 1.10000000E-15
 1.3606205841592E+06 3.0589470509427E+01
D__14           2.00013944E-01 1.10000000E-13 1.10000000E-13 1.10000000E-15
 1.3606211686024E+06 3.0578841440466E+01
D__15           2.00013644E-01 1.10000000E-13 1.10000000E-13 1.10000000E-15
 1.3606234597949E+06 3.0528624316528E+01
D__16           3.34418915E-01 2.00000000E-01 2.00000000E-01 1.80000000E-08
 1.3606272906192E+06 3.0139677613691E+01
D__17           2.00013568E-01 1.10000000E-13 1.10000000E-13 1.10000000E-15
 1.3606240331331E+06 3.0515856940226E+01
D__18           1.00006772E-01 1.10000000E-12 1.10000000E-12 1.10000000E-12
 1.2092983675750E+06 2.9991240741820E+01
D__19           1.00006772E-01 1.10000000E-12 1.10000000E-12 1.10000000E-12
 1.2092983618029E+06 2.9991243470361E+01
D__20           1.00006772E-01 1.10000000E-12 1.10000000E-12 1.10000000E-12
 1.2092983468963E+06 2.9991261314157E+01
D__21           1.00006772E-01 1.10000000E-12 1.10000000E-12 1.10000000E-12
 1.2092983140136E+06 2.9991364664930E+01
D__22           1.00006774E-01 1.10000000E-12 1.10000000E-12 1.10000000E-12
 1.2092982440734E+06 2.9991919563288E+01
D__23           1.00006782E-01 1.10000000E-12 1.10000000E-12 1.10000000E-12
 1.2092981006078E+06 2.9994664999821E+01
D__24           1.00006818E-01 1.10000000E-12 1.10000000E-12 1.10000000E-12
 1.2092978250683E+06 3.0006798510331E+01
D__25           3.34423189E-01 2.00000000E-01 2.00000000E-01 1.80000000E-08
 1.2092975883614E+06 3.0045533985225E+01
D__26           1.00006828E-01 1.10000000E-12 1.10000000E-12 1.10000000E-12
 1.2092977038521E+06 3.0010039651119E+01
D__27           1.00008436E-01 1.10000000E-12 1.10000000E-12 1.10000000E-12
 1.0140389648925E+06 2.9874293537299E+01
D__28           1.00008436E-01 1.10000000E-12 1.10000000E-12 1.10000000E-12
 1.0140389786886E+06 2.9874306209957E+01
D__29           1.00008436E-01 1.10000000E-12 1.10000000E-12 1.10000000E-12
 1.0140390163571E+06 2.9874385532404E+01
D__30           1.00008438E-01 1.10000000E-12 1.10000000E-12 1.10000000E-12
 1.0140391042674E+06 2.9874794483666E+01
D__31           1.00008443E-01 1.10000000E-12 1.10000000E-12 1.10000000E-12
 1.0140392989036E+06 2.9876499242698E+01
D__32           1.00008459E-01 1.10000000E-12 1.10000000E-12 1.10000000E-12
 1.0140397065187E+06 2.9881945102192E+01
D__33           1.00008497E-01 1.10000000E-12 1.10000000E-12 1.10000000E-12
 1.0140404914071E+06 2.9894330098304E+01
D__34           3.34428667E-01 2.00000000E-01 2.00000000E-01 1.80000000E-08
 1.0140411543280E+06 2.9919586350304E+01
D__35           1.00008518E-01 1.10000000E-12 1.10000000E-12 1.10000000E-12
 1.0140408390172E+06 2.9901275615174E+01
D__36           1.00009129E-01 1.10000000E-17 1.10000000E-17 1.10000000E-17
 9.4074185427452E+05 2.9861398818246E+01
D__37           1.00009129E-01 1.10000000E-17 1.10000000E-17 1.10000000E-17
 9.4074190396340E+05 2.9861412299869E+01
D__38           1.00009130E-01 1.10000000E-17 1.10000000E-17 1.10000000E-17
 9.4074209168941E+05 2.9861496571120E+01
D__39           1.00009131E-01 1.10000000E-17 1.10000000E-17 1.10000000E-17
 9.4074264830097E+05 2.9861929398664E+01
D__40           1.00009137E-01 1.10000000E-17 1.10000000E-17 1.10000000E-17
 9.4074382451574E+05 2.9863716440156E+01
D__41           1.00009154E-01 1.10000000E-17 1.10000000E-17 1.10000000E-17
 9.4074510221710E+05 2.9869288675915E+01
D__42           1.00009189E-01 1.10000000E-17 1.10000000E-17 1.10000000E-17
 9.4074516984316E+05 2.9881040701084E+01
D__43           1.00009230E-01 1.10000000E-17 1.10000000E-17 1.10000000E-17
 9.4075063394051E+05 2.9894009207132E+01
D__44           1.00009212E-01 1.10000000E-17 1.10000000E-17 1.10000000E-17
 9.4074716837894E+05 2.9888245503303E+01
E___0           2.00014901E-01 1.10000000E-17 1.10000000E-17 1.10000000E-17
 1.4103616467032E+06 3.0807467403031E+01
E___1           2.00014900E-01 1.10000000E-17 1.10000000E-17 1.10000000E-17
 1.4103609826142E+06 3.0807454716884E+01
E___2           2.00014898E-01 1.10000000E-17 1.10000000E-17 1.10000000E-17
 1.4103582925011E+06 3.0807363821460E+01
E___3           2.00014889E-01 1.10000000E-17 1.10000000E-17 1.10000000E-17
 1.4103488634820E+06 3.0806796281315E+01
E___4           2.00014852E-01 1.10000000E-17 1.10000000E-17 1.10000000E-17
 1.4103198079002E+06 3.0803706067431E+01
E___5           2.00014717E-01 1.10000000E-17 1.10000000E-17 1.10000000E-17
 1.4102446894672E+06 3.0789214909081E+01
E___6           2.00014277E-01 1.10000000E-17 1.10000000E-17 1.10000000E-17
 1.4100977999083E+06 3.0731675388587E+01
E___7           2.00013148E-01 1.10000000E-17 1.10000000E-17 1.10000000E-17
 1.4099670647898E+06 3.0557466472515E+01
E___8           2.00014108E-01 1.10000000E-17 1.10000000E-17 1.10000000E-17
 1.4099969237115E+06 3.0714204391509E+01
E___9           2.00014024E-01 1.10000000E-13 1.10000000E-13 1.10000000E-15
 1.3606204662169E+06 3.0592196497683E+01
E__10           2.00014024E-01 1.10000000E-13 1.10000000E-13 1.10000000E-15
 1.3606204610152E+06 3.0592188024200E+01
E__11           2.00014023E-01 1.10000000E-13 1.10000000E-13 1.10000000E-15
 1.3606204530430E+06 3.0592125870329E+01
E__12           2.00014021E-01 1.10000000E-13 1.10000000E-13 1.10000000E-15
 1.3606204604908E+06 3.0591728824817E+01
E__13           2.00014008E-01 1.10000000E-13 1.10000000E-13 1.10000000E-15
 1.3606205732913E+06 3.0589522907968E+01
E__14           2.00013944E-01 1.10000000E-13 1.10000000E-13 1.10000000E-15
 1.3606211516713E+06 3.0578797353030E+01
E__15           2.00013637E-01 1.10000000E-13 1.10000000E-13 1.10000000E-15
 1.3606234489889E+06 3.0527436551154E+01
E__16           3.34418987E-01 2.00000000E-01 2.00000000E-01 1.80000000E-08
 1.3606272906199E+06 3.0146799939658E+01
E__17           2.00013560E-01 1.10000000E-13 1.10000000E-13 1.10000000E-15
 1.3606240146195E+06 3.0514591605523E+01
E__18           1.00006772E-01 1.10000000E-12 1.10000000E-12 1.10000000E-12
 1.2092983674382E+06 2.9991241354711E+01
E__19           1.00006772E-01 1.10000000E-12 1.10000000E-12 1.10000000E-12
 1.2092983614984E+06 2.9991247058979E+01
E__20           1.00006772E-01 1.10000000E-12 1.10000000E-12 1.10000000E-12
 1.2092983461285E+06 2.9991281369732E+01
E__21           1.00006773E-01 1.10000000E-12 1.10000000E-12 1.10000000E-12
 1.2092983122381E+06 2.9991457551560E+01
E__22           1.00006775E-01 1.10000000E-12 1.10000000E-12 1.10000000E-12
 1.2092982405431E+06 2.9992262702263E+01
E__23           1.00006785E-01 1.10000000E-12 1.10000000E-12 1.10000000E-12
 1.2092980952426E+06 2.9995634548438E+01
E__24           1.00006825E-01 1.10000000E-12 1.10000000E-12 1.10000000E-12
 1.2092978208508E+06 3.0008998726864E+01
E__25           3.34423261E-01 2.00000000E-01 2.00000000E-01 1.80000000E-08
 1.2092975883614E+06 3.0052650693859E+01
E__26           1.00006837E-01 1.10000000E-12 1.10000000E-12 1.10000000E-12
 1.2092976982300E+06 3.0013078443981E+01
E__27           1.00008436E-01 1.10000000E-12 1.10000000E-12 1.10000000E-12
 1.0140389654949E+06 2.9874293892932E+01
E__28           1.00008436E-01 1.10000000E-12 1.10000000E-12 1.10000000E-12
 1.0140389797872E+06 2.9874308152524E+01
E__29           1.00008437E-01 1.10000000E-12 1.10000000E-12 1.10000000E-12
 1.0140390188108E+06 2.9874395320043E+01
E__30           1.00008438E-01 1.10000000E-12 1.10000000E-12 1.10000000E-12
 1.0140391096881E+06 2.9874832759795E+01
E__31           1.00008443E-01 1.10000000E-12 1.10000000E-12 1.10000000E-12
 1.0140393095111E+06 2.9876600384895E+01
E__32           1.00008460E-01 1.10000000E-12 1.10000000E-12 1.10000000E-12
 1.0140397225308E+06 2.9882033126016E+01
E__33           1.00008495E-01 1.10000000E-12 1.10000000E-12 1.10000000E-12
 1.0140405039138E+06 2.9893586728428E+01
E__34           3.34428597E-01 2.00000000E-01 2.00000000E-01 1.80000000E-08
 1.0140411543280E+06 2.9912535239629E+01
E__35           1.00008516E-01 1.10000000E-12 1.10000000E-12 1.10000000E-12
 1.0140408558088E+06 2.9900568437419E+01
E__36           1.00009129E-01 1.10000000E-17 1.10000000E-17 1.10000000E-17
 9.4074185561302E+05 2.9861399136672E+01
E__37           1.00009129E-01 1.10000000E-17 1.10000000E-17 1.10000000E-17
 9.4074190773821E+05 2.9861414013710E+01
E__38           1.00009130E-01 1.10000000E-17 1.10000000E-17 1.10000000E-17
 9.4074210145576E+05 2.9861505031481E+01
E__39           1.00009131E-01 1.10000000E-17 1.10000000E-17 1.10000000E-17
 9.4074266193300E+05 2.9861961381279E+01
E__40           1.00009137E-01 1.10000000E-17 1.10000000E-17 1.10000000E-17
 9.4074380085400E+05 2.9863794561902E+01
E__41           1.00009154E-01 1.10000000E-17 1.10000000E-17 1.10000000E-17
 9.4074490652735E+05 2.9869326648402E+01
E__42           1.00009187E-01 1.10000000E-17 1.10000000E-17 1.10000000E-17
 9.4074441072202E+05 2.9880489126670E+01
E__43           1.00009222E-01 1.10000000E-17 1.10000000E-17 1.10000000E-17
 9.4074751247698E+05 2.9891630072763E+01
E__44           1.00009210E-01 1.10000000E-17 1.10000000E-17 1.10000000E-17
 9.4074618685728E+05 2.9887689114483E+01
F___0           2.00014901E-01 1.10000000E-17 1.10000000E-17 1.10000000E-17
 1.4103616586486E+06 3.0807467481981E+01
F___1           2.00014900E-01 1.10000000E-17 1.10000000E-17 1.10000000E-17
 1.4103610219996E+06 3.0807455332532E+01
F___2           2.00014898E-01 1.10000000E-17 1.10000000E-17 1.10000000E-17
 1.4103584439180E+06 3.0807368629681E+01
F___3           2.00014889E-01 1.10000000E-17 1.10000000E-17 1.10000000E-17
 1.4103493833990E+06 3.0806827480426E+01
F___4           2.00014854E-01 1.10000000E-17 1.10000000E-17 1.10000000E-17
 1.4103212708808E+06 3.0803875004570E+01
F___5           2.00014723E-01 1.10000000E-17 1.10000000E-17 1.10000000E-17
 1.4102471534277E+06 3.0789963636967E+01
F___6           2.00014289E-01 1.10000000E-17 1.10000000E-17 1.10000000E-17
 1.4100927321951E+06 3.0734247657536E+01
F___7           2.00013144E-01 1.10000000E-17 1.10000000E-17 1.10000000E-17
 1.4099162446741E+06 3.0562179162539E+01
F___8           2.00014125E-01 1.10000000E-17 1.10000000E-17 1.10000000E-17
 1.4099936631916E+06 3.0717488913842E+01
F___9           2.00014024E-01 1.10000000E-13 1.10000000E-13 1.10000000E-15
 1.3606204662715E+06 3.0592196551731E+01
F__10           2.00014024E-01 1.10000000E-13 1.10000000E-13 1.10000000E-15
 1.3606204610333E+06 3.0592188468279E+01
F__11           2.00014023E-01 1.10000000E-13 1.10000000E-13 1.10000000E-15
 1.3606204528291E+06 3.0592129447124E+01
F__12           2.00014021E-01 1.10000000E-13 1.10000000E-13 1.10000000E-15
 1.3606204592322E+06 3.0591752591148E+01
F__13           2.00014009E-01 1.10000000E-13 1.10000000E-13 1.10000000E-15
 1.3606205682503E+06 3.0589652695607E+01
F__14           2.00013947E-01 1.10000000E-13 1.10000000E-13 1.10000000E-15
 1.3606211363691E+06 3.0579375013488E+01
F__15           2.00013647E-01 1.10000000E-13 1.10000000E-13 1.10000000E-15
 1.3606234209385E+06 3.0529064406619E+01
F__16           3.34418826E-01 2.00000000E-01 2.00000000E-01 1.80000000E-08
 1.3606272906205E+06 3.0130798606046E+01
F__17           2.00013574E-01 1.10000000E-13 1.10000000E-13 1.10000000E-15
 1.3606239766264E+06 3.0516768555986E+01
F__18           1.00006772E-01 1.10000000E-12 1.10000000E-12 1.10000000E-12
 1.2092983675307E+06 2.9991241305219E+01
F__19           1.00006772E-01 1.10000000E-12 1.10000000E-12 1.10000000E-12
 1.2092983616396E+06 2.9991246903583E+01
F__20           1.00006772E-01 1.10000000E-12 1.10000000E-12 1.10000000E-12
 1.2092983464067E+06 2.9991280924996E+01
F__21           1.00006773E-01 1.10000000E-12 1.10000000E-12 1.10000000E-12
 1.2092983128411E+06 2.9991456395280E+01
F__22           1.00006775E-01 1.10000000E-12 1.10000000E-12 1.10000000E-12
 1.2092982417688E+06 2.9992261271802E+01
F__23           1.00006785E-01 1.10000000E-12 1.10000000E-12 1.10000000E-12
 1.2092980972109E+06 2.9995658141418E+01
F__24           1.00006826E-01 1.10000000E-12 1.10000000E-12 1.10000000E-12
 1.2092978224817E+06 3.0009253329556E+01
F__25           3.34423317E-01 2.00000000E-01 2.00000000E-01 1.80000000E-08
 1.2092975883614E+06 3.0058310981248E+01
F__26           1.00006838E-01 1.10000000E-12 1.10000000E-12 1.10000000E-12
 1.2092977001807E+06 3.0013358457160E+01
F__27           1.00008436E-01 1.10000000E-12 1.10000000E-12 1.10000000E-12
 1.0140389654746E+06 2.9874293882503E+01
F__28           1.00008436E-01 1.10000000E-12 1.10000000E-12 1.10000000E-12
 1.0140389796335E+06 2.9874307986231E+01
F__29           1.00008437E-01 1.10000000E-12 1.10000000E-12 1.10000000E-12
 1.0140390182593E+06 2.9874393900076E+01
F__30           1.00008438E-01 1.10000000E-12 1.10000000E-12 1.10000000E-12
 1.0140391081920E+06 2.9874824017463E+01
F__31           1.00008443E-01 1.10000000E-12 1.10000000E-12 1.10000000E-12
 1.0140393062101E+06 2.9876560729170E+01
F__32           1.00008459E-01 1.10000000E-12 1.10000000E-12 1.10000000E-12
 1.0140397170963E+06 2.9881902910790E+01
F__33           1.00008494E-01 1.10000000E-12 1.10000000E-12 1.10000000E-12
 1.0140404994587E+06 2.9893257977423E+01
F__34           3.34428518E-01 2.00000000E-01 2.00000000E-01 1.80000000E-08
 1.0140411543280E+06 2.9904672224280E+01
F__35           1.00008514E-01 1.10000000E-12 1.10000000E-12 1.10000000E-12
 1.0140408504724E+06 2.9900121787156E+01
F__36           1.00009129E-01 1.10000000E-17 1.10000000E-17 1.10000000E-17
 9.4074185525971E+05 2.9861399133317E+01
F__37           1.00009129E-01 1.10000000E-17 1.10000000E-17 1.10000000E-17
 9.4074190608953E+05 2.9861413863791E+01
F__38           1.00009130E-01 1.10000000E-17 1.10000000E-17 1.10000000E-17
 9.4074209437046E+05 2.9861503574493E+01
F__39           1.00009131E-01 1.10000000E-17 1.10000000E-17 1.10000000E-17
 9.4074263699421E+05 2.9861952024082E+01
F__40           1.00009137E-01 1.10000000E-17 1.10000000E-17 1.10000000E-17
 9.4074373260862E+05 2.9863751574056E+01
F__41           1.00009154E-01 1.10000000E-17 1.10000000E-17 1.10000000E-17
 9.4074474386050E+05 2.9869185640110E+01
F__42           1.00009186E-01 1.10000000E-17 1.10000000E-17 1.10000000E-17
 9.4074372027362E+05 2.9880162787134E+01
F__43           1.00009218E-01 1.10000000E-17 1.10000000E-17 1.10000000E-17
 9.4074066646319E+05 2.9891040864939E+01
F__44           1.00009208E-01 1.10000000E-17 1.10000000E-17 1.10000000E-17
 9.4074536935122E+05 2.9887233724740E+01
G___0           2.00014901E-01 1.10000000E-17 1.10000000E-17 1.10000000E-17
 1.4103616832682E+06 3.0807467543514E+01
G___1           2.00014901E-01 1.10000000E-17 1.10000000E-17 1.10000000E-17
 1.4103611123491E+06 3.0807456212389E+01
G___2           2.00014899E-01 1.10000000E-17 1.10000000E-17 1.10000000E-17
 1.4103588101940E+06 3.0807376798394E+01
G___3           2.00014890E-01 1.10000000E-17 1.10000000E-17 1.10000000E-17
 1.4103507506746E+06 3.0806888782922E+01
G___4           2.00014859E-01 1.10000000E-17 1.10000000E-17 1.10000000E-17
 1.4103257296687E+06 3.0804250126617E+01
G___5           2.00014741E-01 1.10000000E-17 1.10000000E-17 1.10000000E-17
 1.4102588162840E+06 3.0791818214622E+01
G___6           2.00014342E-01 1.10000000E-17 1.10000000E-17 1.10000000E-17
 1.4101084472556E+06 3.0741392629628E+01
G___7           2.00013204E-01 1.10000000E-17 1.10000000E-17 1.10000000E-17
 1.4098415320488E+06 3.0580130020738E+01
G___8           2.00014196E-01 1.10000000E-17 1.10000000E-17 1.10000000E-17
 1.4100193413335E+06 3.0726420357755E+01
G___9           2.00014024E-01 1.10000000E-13 1.10000000E-13 1.10000000E-15
 1.3606204666280E+06 3.0592196441777E+01
G__10           2.00014024E-01 1.10000000E-13 1.10000000E-13 1.10000000E-15
 1.3606204616567E+06 3.0592188289436E+01
G__11           2.00014023E-01 1.10000000E-13 1.10000000E-13 1.10000000E-15
 1.3606204540097E+06 3.0592131067829E+01
G__12           2.00014021E-01 1.10000000E-13 1.10000000E-13 1.10000000E-15
 1.3606204606676E+06 3.0591778124519E+01
G__13           2.00014010E-01 1.10000000E-13 1.10000000E-13 1.10000000E-15
 1.3606205657260E+06 3.0589860701777E+01
G__14           2.00013955E-01 1.10000000E-13 1.10000000E-13 1.10000000E-15
 1.3606211131758E+06 3.0580590418641E+01
G__15           2.00013676E-01 1.10000000E-13 1.10000000E-13 1.10000000E-15
 1.3606233559443E+06 3.0533905215622E+01
G__16           3.34418436E-01 2.00000000E-01 2.00000000E-01 1.80000000E-08
 1.3606272906207E+06 3.0091916136622E+01
G__17           2.00013610E-01 1.10000000E-13 1.10000000E-13 1.10000000E-15
 1.3606238940517E+06 3.0522800664021E+01
G__18           1.00006772E-01 1.10000000E-12 1.10000000E-12 1.10000000E-12
 1.2092983678155E+06 2.9991240624703E+01
G__19           1.00006772E-01 1.10000000E-12 1.10000000E-12 1.10000000E-12
 1.2092983621744E+06 2.9991243155026E+01
G__20           1.00006772E-01 1.10000000E-12 1.10000000E-12 1.10000000E-12
 1.2092983476644E+06 2.9991260541595E+01
G__21           1.00006772E-01 1.10000000E-12 1.10000000E-12 1.10000000E-12
 1.2092983158249E+06 2.9991362347658E+01
G__22           1.00006774E-01 1.10000000E-12 1.10000000E-12 1.10000000E-12
 1.2092982481930E+06 2.9991908516975E+01
G__23           1.00006782E-01 1.10000000E-12 1.10000000E-12 1.10000000E-12
 1.2092981083042E+06 2.9994663140654E+01
G__24           1.00006820E-01 1.10000000E-12 1.10000000E-12 1.10000000E-12
 1.2092978332367E+06 3.0007343941372E+01
G__25           3.34423405E-01 2.00000000E-01 2.00000000E-01 1.80000000E-08
 1.2092975883614E+06 3.0067077463680E+01
G__26           1.00006830E-01 1.10000000E-12 1.10000000E-12 1.10000000E-12
 1.2092977136709E+06 3.0010587127362E+01
G__27           1.00008436E-01 1.10000000E-12 1.10000000E-12 1.10000000E-12
 1.0140389648981E+06 2.9874293393703E+01
G__28           1.00008436E-01 1.10000000E-12 1.10000000E-12 1.10000000E-12
 1.0140389783351E+06 2.9874305060762E+01
G__29           1.00008436E-01 1.10000000E-12 1.10000000E-12 1.10000000E-12
 1.0140390148516E+06 2.9874377531669E+01
G__30           1.00008438E-01 1.10000000E-12 1.10000000E-12 1.10000000E-12
 1.0140390997305E+06 2.9874750081908E+01
G__31           1.00008442E-01 1.10000000E-12 1.10000000E-12 1.10000000E-12
 1.0140392876782E+06 2.9876309766549E+01
G__32           1.00008458E-01 1.10000000E-12 1.10000000E-12 1.10000000E-12
 1.0140396850026E+06 2.9881351136193E+01
G__33           1.00008493E-01 1.10000000E-12 1.10000000E-12 1.10000000E-12
 1.0140404686812E+06 2.9892986488043E+01
G__34           3.34428474E-01 2.00000000E-01 2.00000000E-01 1.80000000E-08
 1.0140411543280E+06 2.9900326321501E+01
G__35           1.00008512E-01 1.10000000E-12 1.10000000E-12 1.10000000E-12
 1.0140408115833E+06 2.9899400477076E+01
G__36           1.00009129E-01 1.10000000E-17 1.10000000E-17 1.10000000E-17
 9.4074185315710E+05 2.9861398682810E+01
G__37           1.00009129E-01 1.10000000E-17 1.10000000E-17 1.10000000E-17
 9.4074189910499E+05 2.9861411108241E+01
G__38           1.00009130E-01 1.10000000E-17 1.10000000E-17 1.10000000E-17
 9.4074207111411E+05 2.9861487953108E+01
G__39           1.00009131E-01 1.10000000E-17 1.10000000E-17 1.10000000E-17
 9.4074257991769E+05 2.9861880717369E+01
G__40           1.00009136E-01 1.10000000E-17 1.10000000E-17 1.10000000E-17
 9.4074365301433E+05 2.9863507387935E+01
G__41           1.00009152E-01 1.10000000E-17 1.10000000E-17 1.10000000E-17
 9.4074472645368E+05 2.9868637005271E+01
G__42           1.00009185E-01 1.10000000E-17 1.10000000E-17 1.10000000E-17
 9.4074367734410E+05 2.9879626336043E+01
G__43           1.00009219E-01 1.10000000E-17 1.10000000E-17 1.10000000E-17
 9.4073625421542E+05 2.9891804383394E+01
G__44           1.00009205E-01 1.10000000E-17 1.10000000E-17 1.10000000E-17
 9.4074540310500E+05 2.9886242222815E+01
H___0           2.00014901E-01 1.10000000E-17 1.10000000E-17 1.10000000E-17
 1.4103617193917E+06 3.0807467832655E+01
H___1           2.00014901E-01 1.10000000E-17 1.10000000E-17 1.10000000E-17
 1.4103612397962E+06 3.0807458474707E+01
H___2           2.00014899E-01 1.10000000E-17 1.10000000E-17 1.10000000E-17
 1.4103593463396E+06 3.0807394922207E+01
H___3           2.00014893E-01 1.10000000E-17 1.10000000E-17 1.10000000E-17
 1.4103528283915E+06 3.0807014786986E+01
H___4           2.00014868E-01 1.10000000E-17 1.10000000E-17 1.10000000E-17
 1.4103328750322E+06 3.0805004944888E+01
H___5           2.00014778E-01 1.10000000E-17 1.10000000E-17 1.10000000E-17
 1.4102799868826E+06 3.0795638401067E+01
H___6           2.00014472E-01 1.10000000E-17 1.10000000E-17 1.10000000E-17
 1.4101629760267E+06 3.0757116475148E+01
H___7           2.00013573E-01 1.10000000E-17 1.10000000E-17 1.10000000E-17
 1.4099760648953E+06 3.0627343800911E+01
H___8           2.00014359E-01 1.10000000E-17 1.10000000E-17 1.10000000E-17
 1.4100924724038E+06 3.0745820598672E+01
H___9           2.00014024E-01 1.10000000E-13 1.10000000E-13 1.10000000E-15
 1.3606204670653E+06 3.0592196474478E+01
H__10           2.00014024E-01 1.10000000E-13 1.10000000E-13 1.10000000E-15
 1.3606204623831E+06 3.0592189042551E+01
H__11           2.00014024E-01 1.10000000E-13 1.10000000E-13 1.10000000E-15
 1.3606204550689E+06 3.0592139433954E+01
H__12           2.00014022E-01 1.10000000E-13 1.10000000E-13 1.10000000E-15
 1.3606204597845E+06 3.0591847885292E+01
H__13           2.00014013E-01 1.10000000E-13 1.10000000E-13 1.10000000E-15
 1.3606205481889E+06 3.0590331676497E+01
H__14           2.00013970E-01 1.10000000E-13 1.10000000E-13 1.10000000E-15
 1.3606210197685E+06 3.0583220497446E+01
H__15           2.00013754E-01 1.10000000E-13 1.10000000E-13 1.10000000E-15
 1.3606230731417E+06 3.0546927764098E+01
H__16           3.34419370E-01 2.00000000E-01 2.00000000E-01 1.80000000E-08
 1.3606272906203E+06 3.0184967537226E+01
H__17           2.00013703E-01 1.10000000E-13 1.10000000E-13 1.10000000E-15
 1.3606235446466E+06 3.0538375870132E+01
H__18           1.00006772E-01 1.10000000E-12 1.10000000E-12 1.10000000E-12
 1.2092983681726E+06 2.9991239868739E+01
H__19           1.00006772E-01 1.10000000E-12 1.10000000E-12 1.10000000E-12
 1.2092983628920E+06 2.9991238852235E+01
H__20           1.00006772E-01 1.10000000E-12 1.10000000E-12 1.10000000E-12
 1.2092983494883E+06 2.9991236222481E+01
H__21           1.00006772E-01 1.10000000E-12 1.10000000E-12 1.10000000E-12
 1.2092983205611E+06 2.9991243743667E+01
H__22           1.00006772E-01 1.10000000E-12 1.10000000E-12 1.10000000E-12
 1.2092982598155E+06 2.9991425072536E+01
H__23           1.00006778E-01 1.10000000E-12 1.10000000E-12 1.10000000E-12
 1.2092981331846E+06 2.9993135684790E+01
H__24           1.00006812E-01 1.10000000E-12 1.10000000E-12 1.10000000E-12
 1.2092978698040E+06 3.0004724163512E+01
H__25           3.34423313E-01 2.00000000E-01 2.00000000E-01 1.80000000E-08
 1.2092975883614E+06 3.0057872029134E+01
H__26           1.00006818E-01 1.10000000E-12 1.10000000E-12 1.10000000E-12
 1.2092977565350E+06 3.0006607395211E+01
H__27           1.00008436E-01 1.10000000E-12 1.10000000E-12 1.10000000E-12
 1.0140389640635E+06 2.9874292751958E+01
H__28           1.00008436E-01 1.10000000E-12 1.10000000E-12 1.10000000E-12
 1.0140389764519E+06 2.9874301119506E+01
H__29           1.00008436E-01 1.10000000E-12 1.10000000E-12 1.10000000E-12
 1.0140390097403E+06 2.9874354678613E+01
H__30           1.00008437E-01 1.10000000E-12 1.10000000E-12 1.10000000E-12
 1.0140390861033E+06 2.9874640786152E+01
H__31           1.00008441E-01 1.10000000E-12 1.10000000E-12 1.10000000E-12
 1.0140392539445E+06 2.9875899281498E+01
H__32           1.00008454E-01 1.10000000E-12 1.10000000E-12 1.10000000E-12
 1.0140396128539E+06 2.9880211854416E+01
H__33           1.00008485E-01 1.10000000E-12 1.10000000E-12 1.10000000E-12
 1.0140403635806E+06 2.9890498297529E+01
H__34           3.34428544E-01 2.00000000E-01 2.00000000E-01 1.80000000E-08
 1.0140411543280E+06 2.9907288047513E+01
H__35           1.00008502E-01 1.10000000E-12 1.10000000E-12 1.10000000E-12
 1.0140406877021E+06 2.9895929369262E+01
H__36           1.00009129E-01 1.10000000E-17 1.10000000E-17 1.10000000E-17
 9.4074185008285E+05 2.9861398073264E+01
H__37           1.00009129E-01 1.10000000E-17 1.10000000E-17 1.10000000E-17
 9.4074188855083E+05 2.9861407317209E+01
H__38           1.00009130E-01 1.10000000E-17 1.10000000E-17 1.10000000E-17
 9.4074203291642E+05 2.9861465773250E+01
H__39           1.00009131E-01 1.10000000E-17 1.10000000E-17 1.10000000E-17
 9.4074246945194E+05 2.9861774022682E+01
H__40           1.00009135E-01 1.10000000E-17 1.10000000E-17 1.10000000E-17
 9.4074341741585E+05 2.9863106250848E+01
H__41           1.00009148E-01 1.10000000E-17 1.10000000E-17 1.10000000E-17
 9.4074429467819E+05 2.9867543561286E+01
H__42           1.00009178E-01 1.10000000E-17 1.10000000E-17 1.10000000E-17
 9.4074261907984E+05 2.9877609485190E+01
H__43           1.00009210E-01 1.10000000E-17 1.10000000E-17 1.10000000E-17
 9.4074180245750E+05 2.9888372239860E+01
H__44           1.00009196E-01 1.10000000E-17 1.10000000E-17 1.10000000E-17
 9.4074410190643E+05 2.9883273495750E+01
I___0           2.00014901E-01 1.10000000E-17 1.10000000E-17 1.10000000E-17
 1.4103617464491E+06 3.0807468277642E+01
I___1           2.00014901E-01 1.10000000E-17 1.10000000E-17 1.10000000E-17
 1.4103613479639E+06 3.0807461836880E+01
I___2           2.00014899E-01 1.10000000E-17 1.10000000E-17 1.10000000E-17
 1.4103598154349E+06 3.0807419929213E+01
I___3           2.00014895E-01 1.10000000E-17 1.10000000E-17 1.10000000E-17
 1.4103547346264E+06 3.0807184844836E+01
I___4           2.00014879E-01 1.10000000E-17 1.10000000E-17 1.10000000E-17
 1.4103399374649E+06 3.0806047844531E+01
I___5           2.00014828E-01 1.10000000E-17 1.10000000E-17 1.10000000E-17
 1.4103036887803E+06 3.0801456361660E+01
I___6           2.00014696E-01 1.10000000E-17 1.10000000E-17 1.10000000E-17
 1.4102345911522E+06 3.0786871670133E+01
I___7           2.00014468E-01 1.10000000E-17 1.10000000E-17 1.10000000E-17
 1.4101539406569E+06 3.0757498470814E+01
I___8           2.00014630E-01 1.10000000E-17 1.10000000E-17 1.10000000E-17
 1.4101854689185E+06 3.0781193638881E+01
I___9           2.00014024E-01 1.10000000E-13 1.10000000E-13 1.10000000E-15
 1.3606204673349E+06 3.0592196762262E+01
I__10           2.00014024E-01 1.10000000E-13 1.10000000E-13 1.10000000E-15
 1.3606204627268E+06 3.0592191251198E+01
I__11           2.00014024E-01 1.10000000E-13 1.10000000E-13 1.10000000E-15
 1.3606204548521E+06 3.0592156397562E+01
I__12           2.00014022E-01 1.10000000E-13 1.10000000E-13 1.10000000E-15
 1.3606204534136E+06 3.0591965927553E+01
I__13           2.00014017E-01 1.10000000E-13 1.10000000E-13 1.10000000E-15
 1.3606205010911E+06 3.0591068843376E+01
I__14           2.00013996E-01 1.10000000E-13 1.10000000E-13 1.10000000E-15
 1.3606207395022E+06 3.0587541912419E+01
I__15           2.00013929E-01 1.10000000E-13 1.10000000E-13 1.10000000E-15
 1.3606215183429E+06 3.0576309251721E+01
I__16           2.00013754E-01 1.10000000E-13 1.10000000E-13 1.10000000E-15
 1.3606231530047E+06 3.0546881730752E+01
I__17           2.00013903E-01 1.10000000E-13 1.10000000E-13 1.10000000E-15
 1.3606218017988E+06 3.0571927852625E+01
I__18           1.00006772E-01 1.10000000E-12 1.10000000E-12 1.10000000E-12
 1.2092983684257E+06 2.9991239597703E+01
I__19           1.00006772E-01 1.10000000E-12 1.10000000E-12 1.10000000E-12
 1.2092983634321E+06 2.9991237202455E+01
I__20           1.00006772E-01 1.10000000E-12 1.10000000E-12 1.10000000E-12
 1.2092983509955E+06 2.9991226148060E+01
I__21           1.00006772E-01 1.10000000E-12 1.10000000E-12 1.10000000E-12
 1.2092983250436E+06 2.9991186232077E+01
I__22           1.00006771E-01 1.10000000E-12 1.10000000E-12 1.10000000E-12
 1.2092982735643E+06 2.9991101645988E+01
I__23           1.00006772E-01 1.10000000E-12 1.10000000E-12 1.10000000E-12
 1.2092981768741E+06 2.9991268709314E+01
I__24           1.00006779E-01 1.10000000E-12 1.10000000E-12 1.10000000E-12
 1.2092980160797E+06 2.9993738933498E+01
I__25           1.00006808E-01 1.10000000E-12 1.10000000E-12 1.10000000E-12
 1.2092978294007E+06 3.0003164800555E+01
I__26           1.00006780E-01 1.10000000E-12 1.10000000E-12 1.10000000E-12
 1.2092979063599E+06 2.9993835440313E+01
I__27           1.00008436E-01 1.10000000E-12 1.10000000E-12 1.10000000E-12
 1.0140389634375E+06 2.9874292200764E+01
I__28           1.00008436E-01 1.10000000E-12 1.10000000E-12 1.10000000E-12
 1.0140389749799E+06 2.9874297482210E+01
I__29           1.00008436E-01 1.10000000E-12 1.10000000E-12 1.10000000E-12
 1.0140390054481E+06 2.9874331492100E+01
I__30           1.00008437E-01 1.10000000E-12 1.10000000E-12 1.10000000E-12
 1.0140390731282E+06 2.9874513592319E+01
I__31           1.00008439E-01 1.10000000E-12 1.10000000E-12 1.10000000E-12
 1.0140392140104E+06 2.9875314852976E+01
I__32           1.00008448E-01 1.10000000E-12 1.10000000E-12 1.10000000E-12
 1.0140394865592E+06 2.9878045710982E+01
I__33           1.00008467E-01 1.10000000E-12 1.10000000E-12 1.10000000E-12
 1.0140399457023E+06 2.9884437640392E+01
I__34           1.00008489E-01 1.10000000E-12 1.10000000E-12 1.10000000E-12
 1.0140404776875E+06 2.9891614510495E+01
I__35           1.00008477E-01 1.10000000E-12 1.10000000E-12 1.10000000E-12
 1.0140402584009E+06 2.9887912036721E+01
I__36           1.00009129E-01 1.10000000E-17 1.10000000E-17 1.10000000E-17
 9.4074184764406E+05 2.9861397505996E+01
I__37           1.00009129E-01 1.10000000E-17 1.10000000E-17 1.10000000E-17
 9.4074187961170E+05 2.9861403572819E+01
I__38           1.00009129E-01 1.10000000E-17 1.10000000E-17 1.10000000E-17
 9.4074199952777E+05 2.9861441898880E+01
I__39           1.00009130E-01 1.10000000E-17 1.10000000E-17 1.10000000E-17
 9.4074237616744E+05 2.9861643654799E+01
I__40           1.00009133E-01 1.10000000E-17 1.10000000E-17 1.10000000E-17
 9.4074329568419E+05 2.9862515156566E+01
I__41           1.00009142E-01 1.10000000E-17 1.10000000E-17 1.10000000E-17
 9.4074466126840E+05 2.9865415601695E+01
I__42           1.00009162E-01 1.10000000E-17 1.10000000E-17 1.10000000E-17
 9.4074488636164E+05 2.9871970879245E+01
I__43           1.00009182E-01 1.10000000E-17 1.10000000E-17 1.10000000E-17
 9.4074337585028E+05 2.9878942459364E+01
I__44           1.00009174E-01 1.10000000E-17 1.10000000E-17 1.10000000E-17
 9.4074694674612E+05 2.9875685503584E+01
+++  
 18660197109  9 0.00000000E+00 0.67745268E+08
