INCON
A___0           1.00000000E-01 1.10000000E-12 1.10000000E-12 1.10000000E-12
 6.3497750000000E+05 8.9500000000000E+01
A___1           1.00000000E-01 1.10000000E-12 1.10000000E-12 1.10000000E-12
 6.3497750000000E+05 8.9500000000000E+01
A___2           3.00000000E-01 1.10000000E-10 1.10000000E-10 1.10000000E-10
 6.3497750000000E+05 8.9500000000000E+01
A___3           1.00000000E-01 1.10000000E-12 1.10000000E-12 1.10000000E-12
 6.3497750000000E+05 8.9500000000000E+01
A___4           1.00000000E-01 1.10000000E-12 1.10000000E-12 1.10000000E-12
 6.3497750000000E+05 8.9500000000000E+01
A___5           1.00000000E-01 1.10000000E-12 1.10000000E-12 1.10000000E-12
 6.2493250000000E+05 8.8500000000000E+01
A___6           1.00000000E-01 1.10000000E-12 1.10000000E-12 1.10000000E-12
 6.2493250000000E+05 8.8500000000000E+01
A___7           3.00000000E-01 1.10000000E-10 1.10000000E-10 1.10000000E-10
 6.2493250000000E+05 8.8500000000000E+01
A___8           1.00000000E-01 1.10000000E-12 1.10000000E-12 1.10000000E-12
 6.2493250000000E+05 8.8500000000000E+01
A___9           1.00000000E-01 1.10000000E-12 1.10000000E-12 1.10000000E-12
 6.2493250000000E+05 8.8500000000000E+01
A__10           1.00000000E-01 1.10000000E-12 1.10000000E-12 1.10000000E-12
 6.1488750000000E+05 8.7500000000000E+01
A__11           1.00000000E-01 1.10000000E-12 1.10000000E-12 1.10000000E-12
 6.1488750000000E+05 8.7500000000000E+01
A__12           3.00000000E-01 1.10000000E-10 1.10000000E-10 1.10000000E-10
 6.1488750000000E+05 8.7500000000000E+01
A__13           1.00000000E-01 1.10000000E-12 1.10000000E-12 1.10000000E-12
 6.1488750000000E+05 8.7500000000000E+01
A__14           1.00000000E-01 1.10000000E-12 1.10000000E-12 1.10000000E-12
 6.1488750000000E+05 8.7500000000000E+01
A__15           1.00000000E-01 1.10000000E-12 1.10000000E-12 1.10000000E-12
 6.0484250000000E+05 8.6500000000000E+01
A__16           1.00000000E-01 1.10000000E-12 1.10000000E-12 1.10000000E-12
 6.0484250000000E+05 8.6500000000000E+01
A__17           3.00000000E-01 1.10000000E-10 1.10000000E-10 1.10000000E-10
 6.0484250000000E+05 8.6500000000000E+01
A__18           1.00000000E-01 1.10000000E-12 1.10000000E-12 1.10000000E-12
 6.0484250000000E+05 8.6500000000000E+01
A__19           1.00000000E-01 1.10000000E-12 1.10000000E-12 1.10000000E-12
 6.0484250000000E+05 8.6500000000000E+01
A__20           1.00000000E-01 1.10000000E-12 1.10000000E-12 1.10000000E-12
 5.9479750000000E+05 8.5500000000000E+01
A__21           1.00000000E-01 1.10000000E-12 1.10000000E-12 1.10000000E-12
 5.9479750000000E+05 8.5500000000000E+01
A__22           3.00000000E-01 1.10000000E-10 1.10000000E-10 1.10000000E-10
 5.9479750000000E+05 8.5500000000000E+01
A__23           1.00000000E-01 1.10000000E-12 1.10000000E-12 1.10000000E-12
 5.9479750000000E+05 8.5500000000000E+01
A__24           1.00000000E-01 1.10000000E-12 1.10000000E-12 1.10000000E-12
 5.9479750000000E+05 8.5500000000000E+01
A__25           1.00000000E-01 1.10000000E-17 1.10000000E-17 1.10000000E-17
 5.8475250000000E+05 8.4500000000000E+01
A__26           1.00000000E-01 1.10000000E-17 1.10000000E-17 1.10000000E-17
 5.8475250000000E+05 8.4500000000000E+01
A__27           3.00000000E-01 1.10000000E-10 1.10000000E-10 1.10000000E-10
 5.8475250000000E+05 8.4500000000000E+01
A__28           1.00000000E-01 1.10000000E-17 1.10000000E-17 1.10000000E-17
 5.8475250000000E+05 8.4500000000000E+01
A__29           1.00000000E-01 1.10000000E-17 1.10000000E-17 1.10000000E-17
 5.8475250000000E+05 8.4500000000000E+01
A__30           1.00000000E-01 1.10000000E-17 1.10000000E-17 1.10000000E-17
 5.7470750000000E+05 8.3500000000000E+01
A__31           1.00000000E-01 1.10000000E-17 1.10000000E-17 1.10000000E-17
 5.7470750000000E+05 8.3500000000000E+01
A__32           3.00000000E-01 1.10000000E-10 1.10000000E-10 1.10000000E-10
 5.7470750000000E+05 8.3500000000000E+01
A__33           1.00000000E-01 1.10000000E-17 1.10000000E-17 1.10000000E-17
 5.7470750000000E+05 8.3500000000000E+01
A__34           1.00000000E-01 1.10000000E-17 1.10000000E-17 1.10000000E-17
 5.7470750000000E+05 8.3500000000000E+01
A__35           1.00000000E-01 1.10000000E-17 1.10000000E-17 1.10000000E-17
 5.6466250000000E+05 8.2500000000000E+01
A__36           1.00000000E-01 1.10000000E-17 1.10000000E-17 1.10000000E-17
 5.6466250000000E+05 8.2500000000000E+01
A__37           3.00000000E-01 1.10000000E-10 1.10000000E-10 1.10000000E-10
 5.6466250000000E+05 8.2500000000000E+01
A__38           1.00000000E-01 1.10000000E-17 1.10000000E-17 1.10000000E-17
 5.6466250000000E+05 8.2500000000000E+01
A__39           1.00000000E-01 1.10000000E-17 1.10000000E-17 1.10000000E-17
 5.6466250000000E+05 8.2500000000000E+01
A__40           1.00000000E-01 1.10000000E-17 1.10000000E-17 1.10000000E-17
 5.5461750000000E+05 8.1500000000000E+01
A__41           1.00000000E-01 1.10000000E-17 1.10000000E-17 1.10000000E-17
 5.5461750000000E+05 8.1500000000000E+01
A__42           3.00000000E-01 1.10000000E-10 1.10000000E-10 1.10000000E-10
 5.5461750000000E+05 8.1500000000000E+01
A__43           1.00000000E-01 1.10000000E-17 1.10000000E-17 1.10000000E-17
 5.5461750000000E+05 8.1500000000000E+01
A__44           1.00000000E-01 1.10000000E-17 1.10000000E-17 1.10000000E-17
 5.5461750000000E+05 8.1500000000000E+01
A__45           1.00000000E-01 1.10000000E-17 1.10000000E-17 1.10000000E-17
 5.4457250000000E+05 8.0500000000000E+01
A__46           1.00000000E-01 1.10000000E-17 1.10000000E-17 1.10000000E-17
 5.4457250000000E+05 8.0500000000000E+01
A__47           3.00000000E-01 1.10000000E-10 1.10000000E-10 1.10000000E-10
 5.4457250000000E+05 8.0500000000000E+01
A__48           1.00000000E-01 1.10000000E-17 1.10000000E-17 1.10000000E-17
 5.4457250000000E+05 8.0500000000000E+01
A__49           1.00000000E-01 1.10000000E-17 1.10000000E-17 1.10000000E-17
 5.4457250000000E+05 8.0500000000000E+01
B___0           1.00000000E-01 1.10000000E-12 1.10000000E-12 1.10000000E-12
 6.3497750000000E+05 8.9500000000000E+01
B___1           1.00000000E-01 1.10000000E-12 1.10000000E-12 1.10000000E-12
 6.3497750000000E+05 8.9500000000000E+01
B___2           3.00000000E-01 1.10000000E-10 1.10000000E-10 1.10000000E-10
 6.3497750000000E+05 8.9500000000000E+01
B___3           1.00000000E-01 1.10000000E-12 1.10000000E-12 1.10000000E-12
 6.3497750000000E+05 8.9500000000000E+01
B___4           1.00000000E-01 1.10000000E-12 1.10000000E-12 1.10000000E-12
 6.3497750000000E+05 8.9500000000000E+01
B___5           1.00000000E-01 1.10000000E-12 1.10000000E-12 1.10000000E-12
 6.2493250000000E+05 8.8500000000000E+01
B___6           1.00000000E-01 1.10000000E-12 1.10000000E-12 1.10000000E-12
 6.2493250000000E+05 8.8500000000000E+01
B___7           3.00000000E-01 1.10000000E-10 1.10000000E-10 1.10000000E-10
 6.2493250000000E+05 8.8500000000000E+01
B___8           1.00000000E-01 1.10000000E-12 1.10000000E-12 1.10000000E-12
 6.2493250000000E+05 8.8500000000000E+01
B___9           1.00000000E-01 1.10000000E-12 1.10000000E-12 1.10000000E-12
 6.2493250000000E+05 8.8500000000000E+01
B__10           1.00000000E-01 1.10000000E-12 1.10000000E-12 1.10000000E-12
 6.1488750000000E+05 8.7500000000000E+01
B__11           1.00000000E-01 1.10000000E-12 1.10000000E-12 1.10000000E-12
 6.1488750000000E+05 8.7500000000000E+01
B__12           3.00000000E-01 1.10000000E-10 1.10000000E-10 1.10000000E-10
 6.1488750000000E+05 8.7500000000000E+01
B__13           1.00000000E-01 1.10000000E-12 1.10000000E-12 1.10000000E-12
 6.1488750000000E+05 8.7500000000000E+01
B__14           1.00000000E-01 1.10000000E-12 1.10000000E-12 1.10000000E-12
 6.1488750000000E+05 8.7500000000000E+01
B__15           1.00000000E-01 1.10000000E-12 1.10000000E-12 1.10000000E-12
 6.0484250000000E+05 8.6500000000000E+01
B__16           1.00000000E-01 1.10000000E-12 1.10000000E-12 1.10000000E-12
 6.0484250000000E+05 8.6500000000000E+01
B__17           3.00000000E-01 1.10000000E-10 1.10000000E-10 1.10000000E-10
 6.0484250000000E+05 8.6500000000000E+01
B__18           1.00000000E-01 1.10000000E-12 1.10000000E-12 1.10000000E-12
 6.0484250000000E+05 8.6500000000000E+01
B__19           1.00000000E-01 1.10000000E-12 1.10000000E-12 1.10000000E-12
 6.0484250000000E+05 8.6500000000000E+01
B__20           1.00000000E-01 1.10000000E-12 1.10000000E-12 1.10000000E-12
 5.9479750000000E+05 8.5500000000000E+01
B__21           1.00000000E-01 1.10000000E-12 1.10000000E-12 1.10000000E-12
 5.9479750000000E+05 8.5500000000000E+01
B__22           3.00000000E-01 1.10000000E-10 1.10000000E-10 1.10000000E-10
 5.9479750000000E+05 8.5500000000000E+01
B__23           1.00000000E-01 1.10000000E-12 1.10000000E-12 1.10000000E-12
 5.9479750000000E+05 8.5500000000000E+01
B__24           1.00000000E-01 1.10000000E-12 1.10000000E-12 1.10000000E-12
 5.9479750000000E+05 8.5500000000000E+01
B__25           1.00000000E-01 1.10000000E-17 1.10000000E-17 1.10000000E-17
 5.8475250000000E+05 8.4500000000000E+01
B__26           1.00000000E-01 1.10000000E-17 1.10000000E-17 1.10000000E-17
 5.8475250000000E+05 8.4500000000000E+01
B__27           3.00000000E-01 1.10000000E-10 1.10000000E-10 1.10000000E-10
 5.8475250000000E+05 8.4500000000000E+01
B__28           1.00000000E-01 1.10000000E-17 1.10000000E-17 1.10000000E-17
 5.8475250000000E+05 8.4500000000000E+01
B__29           1.00000000E-01 1.10000000E-17 1.10000000E-17 1.10000000E-17
 5.8475250000000E+05 8.4500000000000E+01
B__30           1.00000000E-01 1.10000000E-17 1.10000000E-17 1.10000000E-17
 5.7470750000000E+05 8.3500000000000E+01
B__31           1.00000000E-01 1.10000000E-17 1.10000000E-17 1.10000000E-17
 5.7470750000000E+05 8.3500000000000E+01
B__32           3.00000000E-01 1.10000000E-10 1.10000000E-10 1.10000000E-10
 5.7470750000000E+05 8.3500000000000E+01
B__33           1.00000000E-01 1.10000000E-17 1.10000000E-17 1.10000000E-17
 5.7470750000000E+05 8.3500000000000E+01
B__34           1.00000000E-01 1.10000000E-17 1.10000000E-17 1.10000000E-17
 5.7470750000000E+05 8.3500000000000E+01
B__35           1.00000000E-01 1.10000000E-17 1.10000000E-17 1.10000000E-17
 5.6466250000000E+05 8.2500000000000E+01
B__36           1.00000000E-01 1.10000000E-17 1.10000000E-17 1.10000000E-17
 5.6466250000000E+05 8.2500000000000E+01
B__37           3.00000000E-01 1.10000000E-10 1.10000000E-10 1.10000000E-10
 5.6466250000000E+05 8.2500000000000E+01
B__38           1.00000000E-01 1.10000000E-17 1.10000000E-17 1.10000000E-17
 5.6466250000000E+05 8.2500000000000E+01
B__39           1.00000000E-01 1.10000000E-17 1.10000000E-17 1.10000000E-17
 5.6466250000000E+05 8.2500000000000E+01
B__40           1.00000000E-01 1.10000000E-17 1.10000000E-17 1.10000000E-17
 5.5461750000000E+05 8.1500000000000E+01
B__41           1.00000000E-01 1.10000000E-17 1.10000000E-17 1.10000000E-17
 5.5461750000000E+05 8.1500000000000E+01
B__42           3.00000000E-01 1.10000000E-10 1.10000000E-10 1.10000000E-10
 5.5461750000000E+05 8.1500000000000E+01
B__43           1.00000000E-01 1.10000000E-17 1.10000000E-17 1.10000000E-17
 5.5461750000000E+05 8.1500000000000E+01
B__44           1.00000000E-01 1.10000000E-17 1.10000000E-17 1.10000000E-17
 5.5461750000000E+05 8.1500000000000E+01
B__45           1.00000000E-01 1.10000000E-17 1.10000000E-17 1.10000000E-17
 5.4457250000000E+05 8.0500000000000E+01
B__46           1.00000000E-01 1.10000000E-17 1.10000000E-17 1.10000000E-17
 5.4457250000000E+05 8.0500000000000E+01
B__47           3.00000000E-01 1.10000000E-10 1.10000000E-10 1.10000000E-10
 5.4457250000000E+05 8.0500000000000E+01
B__48           1.00000000E-01 1.10000000E-17 1.10000000E-17 1.10000000E-17
 5.4457250000000E+05 8.0500000000000E+01
B__49           1.00000000E-01 1.10000000E-17 1.10000000E-17 1.10000000E-17
 5.4457250000000E+05 8.0500000000000E+01
C___0           1.00000000E-01 1.10000000E-12 1.10000000E-12 1.10000000E-12
 6.3497750000000E+05 8.9500000000000E+01
C___1           1.00000000E-01 1.10000000E-12 1.10000000E-12 1.10000000E-12
 6.3497750000000E+05 8.9500000000000E+01
C___2           3.00000000E-01 1.10000000E-10 1.10000000E-10 1.10000000E-10
 6.3497750000000E+05 8.9500000000000E+01
C___3           1.00000000E-01 1.10000000E-12 1.10000000E-12 1.10000000E-12
 6.3497750000000E+05 8.9500000000000E+01
C___4           1.00000000E-01 1.10000000E-12 1.10000000E-12 1.10000000E-12
 6.3497750000000E+05 8.9500000000000E+01
C___5           1.00000000E-01 1.10000000E-12 1.10000000E-12 1.10000000E-12
 6.2493250000000E+05 8.8500000000000E+01
C___6           1.00000000E-01 1.10000000E-12 1.10000000E-12 1.10000000E-12
 6.2493250000000E+05 8.8500000000000E+01
C___7           3.00000000E-01 1.10000000E-10 1.10000000E-10 1.10000000E-10
 6.2493250000000E+05 8.8500000000000E+01
C___8           1.00000000E-01 1.10000000E-12 1.10000000E-12 1.10000000E-12
 6.2493250000000E+05 8.8500000000000E+01
C___9           1.00000000E-01 1.10000000E-12 1.10000000E-12 1.10000000E-12
 6.2493250000000E+05 8.8500000000000E+01
C__10           1.00000000E-01 1.10000000E-12 1.10000000E-12 1.10000000E-12
 6.1488750000000E+05 8.7500000000000E+01
C__11           1.00000000E-01 1.10000000E-12 1.10000000E-12 1.10000000E-12
 6.1488750000000E+05 8.7500000000000E+01
C__12           3.00000000E-01 1.10000000E-10 1.10000000E-10 1.10000000E-10
 6.1488750000000E+05 8.7500000000000E+01
C__13           1.00000000E-01 1.10000000E-12 1.10000000E-12 1.10000000E-12
 6.1488750000000E+05 8.7500000000000E+01
C__14           1.00000000E-01 1.10000000E-12 1.10000000E-12 1.10000000E-12
 6.1488750000000E+05 8.7500000000000E+01
C__15           1.00000000E-01 1.10000000E-12 1.10000000E-12 1.10000000E-12
 6.0484250000000E+05 8.6500000000000E+01
C__16           1.00000000E-01 1.10000000E-12 1.10000000E-12 1.10000000E-12
 6.0484250000000E+05 8.6500000000000E+01
C__17           3.00000000E-01 1.10000000E-10 1.10000000E-10 1.10000000E-10
 6.0484250000000E+05 8.6500000000000E+01
C__18           1.00000000E-01 1.10000000E-12 1.10000000E-12 1.10000000E-12
 6.0484250000000E+05 8.6500000000000E+01
C__19           1.00000000E-01 1.10000000E-12 1.10000000E-12 1.10000000E-12
 6.0484250000000E+05 8.6500000000000E+01
C__20           1.00000000E-01 1.10000000E-12 1.10000000E-12 1.10000000E-12
 5.9479750000000E+05 8.5500000000000E+01
C__21           1.00000000E-01 1.10000000E-12 1.10000000E-12 1.10000000E-12
 5.9479750000000E+05 8.5500000000000E+01
C__22           3.00000000E-01 1.10000000E-10 1.10000000E-10 1.10000000E-10
 5.9479750000000E+05 8.5500000000000E+01
C__23           1.00000000E-01 1.10000000E-12 1.10000000E-12 1.10000000E-12
 5.9479750000000E+05 8.5500000000000E+01
C__24           1.00000000E-01 1.10000000E-12 1.10000000E-12 1.10000000E-12
 5.9479750000000E+05 8.5500000000000E+01
C__25           1.00000000E-01 1.10000000E-17 1.10000000E-17 1.10000000E-17
 5.8475250000000E+05 8.4500000000000E+01
C__26           1.00000000E-01 1.10000000E-17 1.10000000E-17 1.10000000E-17
 5.8475250000000E+05 8.4500000000000E+01
C__27           3.00000000E-01 1.10000000E-10 1.10000000E-10 1.10000000E-10
 5.8475250000000E+05 8.4500000000000E+01
C__28           1.00000000E-01 1.10000000E-17 1.10000000E-17 1.10000000E-17
 5.8475250000000E+05 8.4500000000000E+01
C__29           1.00000000E-01 1.10000000E-17 1.10000000E-17 1.10000000E-17
 5.8475250000000E+05 8.4500000000000E+01
C__30           1.00000000E-01 1.10000000E-17 1.10000000E-17 1.10000000E-17
 5.7470750000000E+05 8.3500000000000E+01
C__31           1.00000000E-01 1.10000000E-17 1.10000000E-17 1.10000000E-17
 5.7470750000000E+05 8.3500000000000E+01
C__32           3.00000000E-01 1.10000000E-10 1.10000000E-10 1.10000000E-10
 5.7470750000000E+05 8.3500000000000E+01
C__33           1.00000000E-01 1.10000000E-17 1.10000000E-17 1.10000000E-17
 5.7470750000000E+05 8.3500000000000E+01
C__34           1.00000000E-01 1.10000000E-17 1.10000000E-17 1.10000000E-17
 5.7470750000000E+05 8.3500000000000E+01
C__35           1.00000000E-01 1.10000000E-17 1.10000000E-17 1.10000000E-17
 5.6466250000000E+05 8.2500000000000E+01
C__36           1.00000000E-01 1.10000000E-17 1.10000000E-17 1.10000000E-17
 5.6466250000000E+05 8.2500000000000E+01
C__37           3.00000000E-01 1.10000000E-10 1.10000000E-10 1.10000000E-10
 5.6466250000000E+05 8.2500000000000E+01
C__38           1.00000000E-01 1.10000000E-17 1.10000000E-17 1.10000000E-17
 5.6466250000000E+05 8.2500000000000E+01
C__39           1.00000000E-01 1.10000000E-17 1.10000000E-17 1.10000000E-17
 5.6466250000000E+05 8.2500000000000E+01
C__40           1.00000000E-01 1.10000000E-17 1.10000000E-17 1.10000000E-17
 5.5461750000000E+05 8.1500000000000E+01
C__41           1.00000000E-01 1.10000000E-17 1.10000000E-17 1.10000000E-17
 5.5461750000000E+05 8.1500000000000E+01
C__42           3.00000000E-01 1.10000000E-10 1.10000000E-10 1.10000000E-10
 5.5461750000000E+05 8.1500000000000E+01
C__43           1.00000000E-01 1.10000000E-17 1.10000000E-17 1.10000000E-17
 5.5461750000000E+05 8.1500000000000E+01
C__44           1.00000000E-01 1.10000000E-17 1.10000000E-17 1.10000000E-17
 5.5461750000000E+05 8.1500000000000E+01
C__45           1.00000000E-01 1.10000000E-17 1.10000000E-17 1.10000000E-17
 5.4457250000000E+05 8.0500000000000E+01
C__46           1.00000000E-01 1.10000000E-17 1.10000000E-17 1.10000000E-17
 5.4457250000000E+05 8.0500000000000E+01
C__47           3.00000000E-01 1.10000000E-10 1.10000000E-10 1.10000000E-10
 5.4457250000000E+05 8.0500000000000E+01
C__48           1.00000000E-01 1.10000000E-17 1.10000000E-17 1.10000000E-17
 5.4457250000000E+05 8.0500000000000E+01
C__49           1.00000000E-01 1.10000000E-17 1.10000000E-17 1.10000000E-17
 5.4457250000000E+05 8.0500000000000E+01
D___0           1.00000000E-01 1.10000000E-12 1.10000000E-12 1.10000000E-12
 6.3497750000000E+05 8.9500000000000E+01
D___1           1.00000000E-01 1.10000000E-12 1.10000000E-12 1.10000000E-12
 6.3497750000000E+05 8.9500000000000E+01
D___2           3.00000000E-01 1.10000000E-10 1.10000000E-10 1.10000000E-10
 6.3497750000000E+05 8.9500000000000E+01
D___3           1.00000000E-01 1.10000000E-12 1.10000000E-12 1.10000000E-12
 6.3497750000000E+05 8.9500000000000E+01
D___4           1.00000000E-01 1.10000000E-12 1.10000000E-12 1.10000000E-12
 6.3497750000000E+05 8.9500000000000E+01
D___5           1.00000000E-01 1.10000000E-12 1.10000000E-12 1.10000000E-12
 6.2493250000000E+05 8.8500000000000E+01
D___6           1.00000000E-01 1.10000000E-12 1.10000000E-12 1.10000000E-12
 6.2493250000000E+05 8.8500000000000E+01
D___7           3.00000000E-01 1.10000000E-10 1.10000000E-10 1.10000000E-10
 6.2493250000000E+05 8.8500000000000E+01
D___8           1.00000000E-01 1.10000000E-12 1.10000000E-12 1.10000000E-12
 6.2493250000000E+05 8.8500000000000E+01
D___9           1.00000000E-01 1.10000000E-12 1.10000000E-12 1.10000000E-12
 6.2493250000000E+05 8.8500000000000E+01
D__10           1.00000000E-01 1.10000000E-12 1.10000000E-12 1.10000000E-12
 6.1488750000000E+05 8.7500000000000E+01
D__11           1.00000000E-01 1.10000000E-12 1.10000000E-12 1.10000000E-12
 6.1488750000000E+05 8.7500000000000E+01
D__12           3.00000000E-01 1.10000000E-10 1.10000000E-10 1.10000000E-10
 6.1488750000000E+05 8.7500000000000E+01
D__13           1.00000000E-01 1.10000000E-12 1.10000000E-12 1.10000000E-12
 6.1488750000000E+05 8.7500000000000E+01
D__14           1.00000000E-01 1.10000000E-12 1.10000000E-12 1.10000000E-12
 6.1488750000000E+05 8.7500000000000E+01
D__15           1.00000000E-01 1.10000000E-12 1.10000000E-12 1.10000000E-12
 6.0484250000000E+05 8.6500000000000E+01
D__16           1.00000000E-01 1.10000000E-12 1.10000000E-12 1.10000000E-12
 6.0484250000000E+05 8.6500000000000E+01
D__17           3.00000000E-01 1.10000000E-10 1.10000000E-10 1.10000000E-10
 6.0484250000000E+05 8.6500000000000E+01
D__18           1.00000000E-01 1.10000000E-12 1.10000000E-12 1.10000000E-12
 6.0484250000000E+05 8.6500000000000E+01
D__19           1.00000000E-01 1.10000000E-12 1.10000000E-12 1.10000000E-12
 6.0484250000000E+05 8.6500000000000E+01
D__20           1.00000000E-01 1.10000000E-12 1.10000000E-12 1.10000000E-12
 5.9479750000000E+05 8.5500000000000E+01
D__21           1.00000000E-01 1.10000000E-12 1.10000000E-12 1.10000000E-12
 5.9479750000000E+05 8.5500000000000E+01
D__22           3.00000000E-01 1.10000000E-10 1.10000000E-10 1.10000000E-10
 5.9479750000000E+05 8.5500000000000E+01
D__23           1.00000000E-01 1.10000000E-12 1.10000000E-12 1.10000000E-12
 5.9479750000000E+05 8.5500000000000E+01
D__24           1.00000000E-01 1.10000000E-12 1.10000000E-12 1.10000000E-12
 5.9479750000000E+05 8.5500000000000E+01
D__25           1.00000000E-01 1.10000000E-17 1.10000000E-17 1.10000000E-17
 5.8475250000000E+05 8.4500000000000E+01
D__26           1.00000000E-01 1.10000000E-17 1.10000000E-17 1.10000000E-17
 5.8475250000000E+05 8.4500000000000E+01
D__27           3.00000000E-01 1.10000000E-10 1.10000000E-10 1.10000000E-10
 5.8475250000000E+05 8.4500000000000E+01
D__28           1.00000000E-01 1.10000000E-17 1.10000000E-17 1.10000000E-17
 5.8475250000000E+05 8.4500000000000E+01
D__29           1.00000000E-01 1.10000000E-17 1.10000000E-17 1.10000000E-17
 5.8475250000000E+05 8.4500000000000E+01
D__30           1.00000000E-01 1.10000000E-17 1.10000000E-17 1.10000000E-17
 5.7470750000000E+05 8.3500000000000E+01
D__31           1.00000000E-01 1.10000000E-17 1.10000000E-17 1.10000000E-17
 5.7470750000000E+05 8.3500000000000E+01
D__32           3.00000000E-01 1.10000000E-10 1.10000000E-10 1.10000000E-10
 5.7470750000000E+05 8.3500000000000E+01
D__33           1.00000000E-01 1.10000000E-17 1.10000000E-17 1.10000000E-17
 5.7470750000000E+05 8.3500000000000E+01
D__34           1.00000000E-01 1.10000000E-17 1.10000000E-17 1.10000000E-17
 5.7470750000000E+05 8.3500000000000E+01
D__35           1.00000000E-01 1.10000000E-17 1.10000000E-17 1.10000000E-17
 5.6466250000000E+05 8.2500000000000E+01
D__36           1.00000000E-01 1.10000000E-17 1.10000000E-17 1.10000000E-17
 5.6466250000000E+05 8.2500000000000E+01
D__37           3.00000000E-01 1.10000000E-10 1.10000000E-10 1.10000000E-10
 5.6466250000000E+05 8.2500000000000E+01
D__38           1.00000000E-01 1.10000000E-17 1.10000000E-17 1.10000000E-17
 5.6466250000000E+05 8.2500000000000E+01
D__39           1.00000000E-01 1.10000000E-17 1.10000000E-17 1.10000000E-17
 5.6466250000000E+05 8.2500000000000E+01
D__40           1.00000000E-01 1.10000000E-17 1.10000000E-17 1.10000000E-17
 5.5461750000000E+05 8.1500000000000E+01
D__41           1.00000000E-01 1.10000000E-17 1.10000000E-17 1.10000000E-17
 5.5461750000000E+05 8.1500000000000E+01
D__42           3.00000000E-01 1.10000000E-10 1.10000000E-10 1.10000000E-10
 5.5461750000000E+05 8.1500000000000E+01
D__43           1.00000000E-01 1.10000000E-17 1.10000000E-17 1.10000000E-17
 5.5461750000000E+05 8.1500000000000E+01
D__44           1.00000000E-01 1.10000000E-17 1.10000000E-17 1.10000000E-17
 5.5461750000000E+05 8.1500000000000E+01
D__45           1.00000000E-01 1.10000000E-17 1.10000000E-17 1.10000000E-17
 5.4457250000000E+05 8.0500000000000E+01
D__46           1.00000000E-01 1.10000000E-17 1.10000000E-17 1.10000000E-17
 5.4457250000000E+05 8.0500000000000E+01
D__47           3.00000000E-01 1.10000000E-10 1.10000000E-10 1.10000000E-10
 5.4457250000000E+05 8.0500000000000E+01
D__48           1.00000000E-01 1.10000000E-17 1.10000000E-17 1.10000000E-17
 5.4457250000000E+05 8.0500000000000E+01
D__49           1.00000000E-01 1.10000000E-17 1.10000000E-17 1.10000000E-17
 5.4457250000000E+05 8.0500000000000E+01
E___0           1.00000000E-01 1.10000000E-12 1.10000000E-12 1.10000000E-12
 6.3497750000000E+05 8.9500000000000E+01
E___1           1.00000000E-01 1.10000000E-12 1.10000000E-12 1.10000000E-12
 6.3497750000000E+05 8.9500000000000E+01
E___2           3.00000000E-01 1.10000000E-10 1.10000000E-10 1.10000000E-10
 6.3497750000000E+05 8.9500000000000E+01
E___3           1.00000000E-01 1.10000000E-12 1.10000000E-12 1.10000000E-12
 6.3497750000000E+05 8.9500000000000E+01
E___4           1.00000000E-01 1.10000000E-12 1.10000000E-12 1.10000000E-12
 6.3497750000000E+05 8.9500000000000E+01
E___5           1.00000000E-01 1.10000000E-12 1.10000000E-12 1.10000000E-12
 6.2493250000000E+05 8.8500000000000E+01
E___6           1.00000000E-01 1.10000000E-12 1.10000000E-12 1.10000000E-12
 6.2493250000000E+05 8.8500000000000E+01
E___7           3.00000000E-01 1.10000000E-10 1.10000000E-10 1.10000000E-10
 6.2493250000000E+05 8.8500000000000E+01
E___8           1.00000000E-01 1.10000000E-12 1.10000000E-12 1.10000000E-12
 6.2493250000000E+05 8.8500000000000E+01
E___9           1.00000000E-01 1.10000000E-12 1.10000000E-12 1.10000000E-12
 6.2493250000000E+05 8.8500000000000E+01
E__10           1.00000000E-01 1.10000000E-12 1.10000000E-12 1.10000000E-12
 6.1488750000000E+05 8.7500000000000E+01
E__11           1.00000000E-01 1.10000000E-12 1.10000000E-12 1.10000000E-12
 6.1488750000000E+05 8.7500000000000E+01
E__12           3.00000000E-01 1.10000000E-10 1.10000000E-10 1.10000000E-10
 6.1488750000000E+05 8.7500000000000E+01
E__13           1.00000000E-01 1.10000000E-12 1.10000000E-12 1.10000000E-12
 6.1488750000000E+05 8.7500000000000E+01
E__14           1.00000000E-01 1.10000000E-12 1.10000000E-12 1.10000000E-12
 6.1488750000000E+05 8.7500000000000E+01
E__15           1.00000000E-01 1.10000000E-12 1.10000000E-12 1.10000000E-12
 6.0484250000000E+05 8.6500000000000E+01
E__16           1.00000000E-01 1.10000000E-12 1.10000000E-12 1.10000000E-12
 6.0484250000000E+05 8.6500000000000E+01
E__17           3.00000000E-01 1.10000000E-10 1.10000000E-10 1.10000000E-10
 6.0484250000000E+05 8.6500000000000E+01
E__18           1.00000000E-01 1.10000000E-12 1.10000000E-12 1.10000000E-12
 6.0484250000000E+05 8.6500000000000E+01
E__19           1.00000000E-01 1.10000000E-12 1.10000000E-12 1.10000000E-12
 6.0484250000000E+05 8.6500000000000E+01
E__20           1.00000000E-01 1.10000000E-12 1.10000000E-12 1.10000000E-12
 5.9479750000000E+05 8.5500000000000E+01
E__21           1.00000000E-01 1.10000000E-12 1.10000000E-12 1.10000000E-12
 5.9479750000000E+05 8.5500000000000E+01
E__22           3.00000000E-01 1.10000000E-10 1.10000000E-10 1.10000000E-10
 5.9479750000000E+05 8.5500000000000E+01
E__23           1.00000000E-01 1.10000000E-12 1.10000000E-12 1.10000000E-12
 5.9479750000000E+05 8.5500000000000E+01
E__24           1.00000000E-01 1.10000000E-12 1.10000000E-12 1.10000000E-12
 5.9479750000000E+05 8.5500000000000E+01
E__25           1.00000000E-01 1.10000000E-17 1.10000000E-17 1.10000000E-17
 5.8475250000000E+05 8.4500000000000E+01
E__26           1.00000000E-01 1.10000000E-17 1.10000000E-17 1.10000000E-17
 5.8475250000000E+05 8.4500000000000E+01
E__27           3.00000000E-01 1.10000000E-10 1.10000000E-10 1.10000000E-10
 5.8475250000000E+05 8.4500000000000E+01
E__28           1.00000000E-01 1.10000000E-17 1.10000000E-17 1.10000000E-17
 5.8475250000000E+05 8.4500000000000E+01
E__29           1.00000000E-01 1.10000000E-17 1.10000000E-17 1.10000000E-17
 5.8475250000000E+05 8.4500000000000E+01
E__30           1.00000000E-01 1.10000000E-17 1.10000000E-17 1.10000000E-17
 5.7470750000000E+05 8.3500000000000E+01
E__31           1.00000000E-01 1.10000000E-17 1.10000000E-17 1.10000000E-17
 5.7470750000000E+05 8.3500000000000E+01
E__32           3.00000000E-01 1.10000000E-10 1.10000000E-10 1.10000000E-10
 5.7470750000000E+05 8.3500000000000E+01
E__33           1.00000000E-01 1.10000000E-17 1.10000000E-17 1.10000000E-17
 5.7470750000000E+05 8.3500000000000E+01
E__34           1.00000000E-01 1.10000000E-17 1.10000000E-17 1.10000000E-17
 5.7470750000000E+05 8.3500000000000E+01
E__35           1.00000000E-01 1.10000000E-17 1.10000000E-17 1.10000000E-17
 5.6466250000000E+05 8.2500000000000E+01
E__36           1.00000000E-01 1.10000000E-17 1.10000000E-17 1.10000000E-17
 5.6466250000000E+05 8.2500000000000E+01
E__37           3.00000000E-01 1.10000000E-10 1.10000000E-10 1.10000000E-10
 5.6466250000000E+05 8.2500000000000E+01
E__38           1.00000000E-01 1.10000000E-17 1.10000000E-17 1.10000000E-17
 5.6466250000000E+05 8.2500000000000E+01
E__39           1.00000000E-01 1.10000000E-17 1.10000000E-17 1.10000000E-17
 5.6466250000000E+05 8.2500000000000E+01
E__40           1.00000000E-01 1.10000000E-17 1.10000000E-17 1.10000000E-17
 5.5461750000000E+05 8.1500000000000E+01
E__41           1.00000000E-01 1.10000000E-17 1.10000000E-17 1.10000000E-17
 5.5461750000000E+05 8.1500000000000E+01
E__42           3.00000000E-01 1.10000000E-10 1.10000000E-10 1.10000000E-10
 5.5461750000000E+05 8.1500000000000E+01
E__43           1.00000000E-01 1.10000000E-17 1.10000000E-17 1.10000000E-17
 5.5461750000000E+05 8.1500000000000E+01
E__44           1.00000000E-01 1.10000000E-17 1.10000000E-17 1.10000000E-17
 5.5461750000000E+05 8.1500000000000E+01
E__45           1.00000000E-01 1.10000000E-17 1.10000000E-17 1.10000000E-17
 5.4457250000000E+05 8.0500000000000E+01
E__46           1.00000000E-01 1.10000000E-17 1.10000000E-17 1.10000000E-17
 5.4457250000000E+05 8.0500000000000E+01
E__47           3.00000000E-01 1.10000000E-10 1.10000000E-10 1.10000000E-10
 5.4457250000000E+05 8.0500000000000E+01
E__48           1.00000000E-01 1.10000000E-17 1.10000000E-17 1.10000000E-17
 5.4457250000000E+05 8.0500000000000E+01
E__49           1.00000000E-01 1.10000000E-17 1.10000000E-17 1.10000000E-17
 5.4457250000000E+05 8.0500000000000E+01


